0.7677419354838709
0.7625806451612903
0.7496774193548387
0.7554838709677419
0.7929032258064516
0.7948387096774193
0.7638709677419355
0.7748387096774193
0.7967741935483871
0.7851612903225806
0.7858064516129032
0.8116129032258065
0.7812903225806451
0.7612903225806451
0.7858064516129032
0.7703225806451612
0.752258064516129
0.7909677419354839
0.7845161290322581
0.7645161290322581
0.7703225806451612
0.7787096774193548
0.7496774193548387
0.7574193548387097
0.795483870967742
0.7890322580645162
0.7445161290322581
0.7806451612903226
0.7767741935483871
0.7625806451612903
0.7419354838709677
0.7935483870967742
0.8006451612903226
0.7729032258064517
0.7509677419354839
0.7819354838709678
0.7670967741935484
0.7845161290322581
0.7851612903225806
0.7554838709677419
0.7606451612903226
0.7761290322580645
0.787741935483871
0.775483870967742
0.7625806451612903
0.7709677419354839
0.772258064516129
0.7619354838709678
0.7561290322580645
0.7606451612903226
0.7561290322580645
0.7483870967741936
0.7896774193548387
0.8058064516129032
0.7658064516129032
0.7858064516129032
0.7851612903225806
0.775483870967742
0.7593548387096775
0.7664516129032258
0.7612903225806451
0.7832258064516129
0.7806451612903226
0.7709677419354839
0.8064516129032258
0.8045161290322581
0.7774193548387097
0.78
0.7593548387096775
0.7845161290322581
0.775483870967742
0.7703225806451612
0.743225806451613
0.76
0.7896774193548387
0.7651612903225806
0.7516129032258064
0.7851612903225806
0.7870967741935484
0.7735483870967742
0.8135483870967742
0.7322580645161291
0.7806451612903226
0.7825806451612903
0.7619354838709678
0.8103225806451613
0.7638709677419355
0.752258064516129
0.7767741935483871
0.7690322580645161
0.7825806451612903
0.7470967741935484
0.7541935483870967
0.7587096774193548
0.7896774193548387
0.7651612903225806
0.7741935483870968
0.7696774193548387
0.7548387096774194
0.7761290322580645
0.7670967741935484
0.7380645161290322
0.7683870967741936
0.7774193548387097
0.7632258064516129
0.78
0.7703225806451612
0.7322580645161291
0.795483870967742
0.7632258064516129
0.7825806451612903
0.7580645161290323
0.7703225806451612
0.7729032258064517
0.7509677419354839
0.7438709677419355
0.7645161290322581
0.7561290322580645
0.7716129032258064
0.7748387096774193
0.7425806451612903
0.7903225806451613
0.7896774193548387
0.7677419354838709
0.7632258064516129
0.7658064516129032
0.7509677419354839
0.7812903225806451
0.7638709677419355
0.756774193548387
0.7283870967741936
0.7838709677419354
0.7464516129032258
0.7729032258064517
0.7703225806451612
0.7541935483870967
0.7574193548387097
0.7580645161290323
0.7735483870967742
0.7851612903225806
0.7941935483870968
0.7612903225806451
0.78
0.7470967741935484
0.7696774193548387
0.8025806451612904
0.7606451612903226
0.7729032258064517
0.7729032258064517
0.7825806451612903
0.7780645161290323
0.7690322580645161
0.7696774193548387
0.7580645161290323
0.7696774193548387
0.7696774193548387
0.7625806451612903
0.7677419354838709
0.7503225806451613
0.7322580645161291
0.7806451612903226
0.7658064516129032
0.7374193548387097
0.7761290322580645
0.7625806451612903
0.7645161290322581
0.7696774193548387
0.7703225806451612
0.7767741935483871
0.7606451612903226
0.7858064516129032
0.8
0.7670967741935484
0.7787096774193548
0.7664516129032258
0.7606451612903226
0.7929032258064516
0.775483870967742
0.756774193548387
0.7683870967741936
0.7845161290322581
0.7683870967741936
0.7548387096774194
0.7354838709677419
0.7516129032258064
0.7703225806451612
0.7967741935483871
0.7303225806451613
0.7587096774193548
0.7851612903225806
0.7806451612903226
0.7735483870967742
0.7670967741935484
0.7812903225806451
0.772258064516129
0.7735483870967742
0.7651612903225806
0.7729032258064517
0.7864516129032258
0.7625806451612903
0.7916129032258065
0.8103225806451613
0.7651612903225806
0.7890322580645162
0.772258064516129
0.7787096774193548
0.7806451612903226
0.7606451612903226
0.7638709677419355
0.7832258064516129
0.7503225806451613
0.7541935483870967
0.7819354838709678
0.7535483870967742
0.7658064516129032
0.7987096774193548
0.7787096774193548
0.7806451612903226
0.7503225806451613
0.7548387096774194
0.7806451612903226
0.7858064516129032
0.7735483870967742
0.7651612903225806
0.7658064516129032
0.7612903225806451
0.7741935483870968
0.8019354838709677
0.7832258064516129
0.78
0.7638709677419355
0.7735483870967742
0.752258064516129
0.8
0.7670967741935484
0.7645161290322581
0.7832258064516129
0.7812903225806451
0.7709677419354839
0.7993548387096774
0.7612903225806451
0.7819354838709678
0.7890322580645162
0.7870967741935484
0.7845161290322581
0.775483870967742
0.7787096774193548
0.7490322580645161
0.7677419354838709
0.7709677419354839
0.7716129032258064
0.7593548387096775
0.7735483870967742
0.7451612903225806
0.7696774193548387
0.7690322580645161
0.7658064516129032
0.7780645161290323
0.7812903225806451
0.7696774193548387
0.7683870967741936
0.7761290322580645
0.7587096774193548
0.7548387096774194
0.7574193548387097
0.7767741935483871
0.7645161290322581
0.7883870967741935
0.772258064516129
0.76
0.7832258064516129
0.756774193548387
0.7554838709677419
0.7593548387096775
0.7961290322580645
0.772258064516129
0.7658064516129032
0.7851612903225806
0.7787096774193548
0.7574193548387097
0.747741935483871
0.7374193548387097
0.7890322580645162
0.7825806451612903
0.7838709677419354
0.7703225806451612
0.7748387096774193
0.7503225806451613
0.7780645161290323
0.7974193548387096
0.7716129032258064
0.7670967741935484
0.7541935483870967
0.7496774193548387
0.7561290322580645
0.7703225806451612
0.7696774193548387
0.7574193548387097
0.7574193548387097
0.7458064516129033
0.7593548387096775
0.7535483870967742
0.7587096774193548
0.7741935483870968
0.7787096774193548
0.7593548387096775
0.7645161290322581
0.7664516129032258
0.7767741935483871
0.7735483870967742
0.7509677419354839
0.7735483870967742
0.7780645161290323
0.7619354838709678
0.7509677419354839
0.78
0.7632258064516129
0.7458064516129033
0.7670967741935484
0.7916129032258065
0.7761290322580645
0.7458064516129033
0.7619354838709678
0.7716129032258064
0.7864516129032258
0.787741935483871
0.7774193548387097
0.7406451612903225
0.787741935483871
0.7593548387096775
0.7716129032258064
0.76
0.7825806451612903
0.7625806451612903
0.7709677419354839
0.7580645161290323
0.787741935483871
0.775483870967742
0.795483870967742
0.76
0.7632258064516129
0.7670967741935484
0.76
0.7580645161290323
0.7864516129032258
0.7670967741935484
0.7664516129032258
0.7832258064516129
0.7774193548387097
0.7574193548387097
0.8174193548387096
0.78
0.7458064516129033
0.7406451612903225
0.7838709677419354
0.7890322580645162
0.7438709677419355
0.7948387096774193
0.747741935483871
0.7638709677419355
0.7638709677419355
0.7574193548387097
0.7716129032258064
0.7774193548387097
0.752258064516129
0.7354838709677419
0.7864516129032258
0.7683870967741936
0.7490322580645161
0.7696774193548387
0.7329032258064516
0.7967741935483871
0.7838709677419354
0.7645161290322581
0.7806451612903226
0.7670967741935484
0.7645161290322581
0.7496774193548387
0.7670967741935484
0.7858064516129032
0.7812903225806451
0.7690322580645161
0.7793548387096774
0.7961290322580645
0.7516129032258064
0.7606451612903226
0.78
0.7735483870967742
0.7812903225806451
0.7851612903225806
0.7690322580645161
0.7670967741935484
0.7703225806451612
0.7387096774193549
0.7929032258064516
0.7664516129032258
0.7767741935483871
0.7780645161290323
0.7858064516129032
0.7632258064516129
0.7419354838709677
0.7670967741935484
0.7625806451612903
0.7470967741935484
0.7587096774193548
0.7806451612903226
0.7890322580645162
0.8
0.78
0.7645161290322581
0.7870967741935484
0.7774193548387097
0.7535483870967742
0.7645161290322581
0.7645161290322581
0.7890322580645162
0.7832258064516129
0.7541935483870967
0.7741935483870968
0.76
0.7606451612903226
0.7651612903225806
0.7412903225806452
0.7774193548387097
0.7774193548387097
0.7741935483870968
0.7774193548387097
0.7735483870967742
0.7664516129032258
0.7703225806451612
0.7748387096774193
0.7825806451612903
0.7896774193548387
0.7825806451612903
0.7806451612903226
0.7716129032258064
0.7774193548387097
0.7864516129032258
0.787741935483871
0.7787096774193548
0.7858064516129032
0.7948387096774193
0.7819354838709678
0.7587096774193548
0.7561290322580645
0.8116129032258065
0.756774193548387
0.7941935483870968
0.7664516129032258
0.7858064516129032
0.772258064516129
0.8167741935483871
0.7561290322580645
0.7761290322580645
0.7612903225806451
0.7670967741935484
0.7793548387096774
0.7696774193548387
0.7812903225806451
0.787741935483871
0.7470967741935484
0.7709677419354839
0.7858064516129032
0.7483870967741936
0.7612903225806451
0.7612903225806451
0.7554838709677419
0.7845161290322581
0.7632258064516129
0.7748387096774193
0.7354838709677419
0.7670967741935484
0.7658064516129032
0.756774193548387
0.7716129032258064
0.7632258064516129
0.7806451612903226
0.7716129032258064
0.7774193548387097
0.7787096774193548
0.7812903225806451
0.7651612903225806
0.756774193548387
0.7658064516129032
0.7554838709677419
0.7541935483870967
0.7541935483870967
0.7683870967741936
0.792258064516129
0.7793548387096774
0.7580645161290323
0.7541935483870967
0.7593548387096775
0.7561290322580645
0.7632258064516129
0.76
0.7509677419354839
0.7664516129032258
0.7864516129032258
0.7670967741935484
0.7716129032258064
0.7587096774193548
0.7619354838709678
0.7548387096774194
0.7858064516129032
0.7374193548387097
0.7496774193548387
0.787741935483871
0.7580645161290323
0.7761290322580645
0.7929032258064516
0.7580645161290323
0.772258064516129
0.76
0.7683870967741936
0.775483870967742
0.7529032258064516
0.7612903225806451
0.7645161290322581
0.7619354838709678
0.7683870967741936
0.7458064516129033
0.7916129032258065
0.7858064516129032
0.7832258064516129
0.7419354838709677
0.775483870967742
0.7645161290322581
0.7483870967741936
0.7554838709677419
0.7361290322580645
0.7541935483870967
0.7645161290322581
0.7838709677419354
0.7690322580645161
0.7832258064516129
0.7825806451612903
0.7503225806451613
0.7838709677419354
0.7612903225806451
0.7651612903225806
0.7716129032258064
0.7819354838709678
0.7729032258064517
0.7941935483870968
0.7787096774193548
0.772258064516129
0.7638709677419355
0.7761290322580645
0.7664516129032258
0.7941935483870968
0.7658064516129032
0.7580645161290323
0.8064516129032258
0.7832258064516129
0.7451612903225806
0.7819354838709678
0.7625806451612903
0.7967741935483871
0.7625806451612903
0.7529032258064516
0.775483870967742
0.7729032258064517
0.7574193548387097
0.7793548387096774
0.747741935483871
0.7709677419354839
0.7806451612903226
0.8025806451612904
0.7858064516129032
0.7670967741935484
0.7851612903225806
0.7638709677419355
0.7412903225806452
0.7561290322580645
0.7696774193548387
0.7548387096774194
0.7664516129032258
0.7883870967741935
0.7819354838709678
0.76
0.7819354838709678
0.7806451612903226
0.7651612903225806
0.7709677419354839
0.7516129032258064
0.7819354838709678
0.7529032258064516
0.7658064516129032
0.7341935483870968
0.7729032258064517
0.7709677419354839
0.76
0.7651612903225806
0.7767741935483871
0.78
0.756774193548387
0.7825806451612903
0.7806451612903226
0.7703225806451612
0.78
0.7470967741935484
0.7651612903225806
0.7806451612903226
0.7761290322580645
0.7677419354838709
0.7832258064516129
0.775483870967742
0.7632258064516129
0.7864516129032258
0.7470967741935484
0.7438709677419355
0.7632258064516129
0.7716129032258064
0.7696774193548387
0.7774193548387097
0.7645161290322581
0.7445161290322581
0.7741935483870968
0.76
0.7948387096774193
0.7574193548387097
0.7812903225806451
0.7806451612903226
0.7838709677419354
0.7516129032258064
0.7406451612903225
0.7683870967741936
0.795483870967742
0.7490322580645161
0.7658064516129032
0.7767741935483871
0.7458064516129033
0.7606451612903226
0.7677419354838709
0.724516129032258
0.7690322580645161
0.7612903225806451
0.7625806451612903
0.7619354838709678
0.7696774193548387
0.7387096774193549
0.7541935483870967
0.7483870967741936
0.7735483870967742
0.7896774193548387
0.7741935483870968
0.7838709677419354
0.7716129032258064
0.7929032258064516
0.7825806451612903
0.7735483870967742
0.7683870967741936
0.7896774193548387
0.8
0.7670967741935484
0.7625806451612903
0.7638709677419355
0.7793548387096774
0.76
0.7716129032258064
0.7580645161290323
0.7580645161290323
0.7690322580645161
0.7658064516129032
0.7780645161290323
0.7464516129032258
0.7548387096774194
0.7470967741935484
0.7625806451612903
0.7858064516129032
0.7709677419354839
0.7593548387096775
0.7503225806451613
0.747741935483871
0.7980645161290323
0.7554838709677419
0.7690322580645161
0.7619354838709678
0.7709677419354839
0.76
0.7593548387096775
0.7787096774193548
0.7651612903225806
0.7935483870967742
0.7767741935483871
0.7516129032258064
0.7516129032258064
0.7709677419354839
0.7606451612903226
0.7709677419354839
0.7574193548387097
0.7696774193548387
0.7664516129032258
0.7883870967741935
0.7961290322580645
0.7445161290322581
0.7832258064516129
0.7864516129032258
0.7658064516129032
0.7993548387096774
0.7606451612903226
0.7961290322580645
0.7729032258064517
0.7780645161290323
0.7548387096774194
0.7916129032258065
0.7806451612903226
0.756774193548387
0.7612903225806451
0.7606451612903226
0.7612903225806451
0.772258064516129
0.7612903225806451
0.7483870967741936
0.7561290322580645
0.747741935483871
0.7587096774193548
0.7670967741935484
0.7761290322580645
0.7625806451612903
0.7651612903225806
0.7774193548387097
0.7554838709677419
0.7677419354838709
0.7496774193548387
0.7677419354838709
0.7303225806451613
0.7587096774193548
0.7916129032258065
0.7425806451612903
0.7741935483870968
0.756774193548387
0.7703225806451612
0.756774193548387
0.7348387096774194
0.7496774193548387
0.7606451612903226
0.7812903225806451
0.7561290322580645
0.7767741935483871
0.7806451612903226
0.7645161290322581
0.7916129032258065
0.752258064516129
0.7787096774193548
0.7806451612903226
0.7690322580645161
0.7593548387096775
0.7787096774193548
0.787741935483871
0.7741935483870968
0.775483870967742
0.792258064516129
0.7503225806451613
0.7658064516129032
0.7761290322580645
0.775483870967742
0.7574193548387097
0.7941935483870968
0.7529032258064516
0.7793548387096774
0.7741935483870968
0.7761290322580645
0.7696774193548387
0.7864516129032258
0.7380645161290322
0.7716129032258064
0.7683870967741936
0.7948387096774193
0.792258064516129
0.76
0.7748387096774193
0.747741935483871
0.7729032258064517
0.792258064516129
0.7748387096774193
0.7606451612903226
0.7780645161290323
0.7690322580645161
0.772258064516129
0.7483870967741936
0.7638709677419355
0.7864516129032258
0.772258064516129
0.7619354838709678
0.7651612903225806
0.7612903225806451
0.7490322580645161
0.7767741935483871
0.7896774193548387
0.7903225806451613
0.7825806451612903
0.7612903225806451
0.7870967741935484
0.772258064516129
0.7832258064516129
0.7625806451612903
0.752258064516129
0.7909677419354839
0.772258064516129
0.7690322580645161
0.7709677419354839
0.787741935483871
0.7748387096774193
0.7832258064516129
0.7967741935483871
0.7541935483870967
0.8006451612903226
0.7851612903225806
0.7509677419354839
0.7451612903225806
0.8019354838709677
0.7716129032258064
0.7941935483870968
0.7741935483870968
0.772258064516129
0.7896774193548387
0.807741935483871
0.7690322580645161
0.7683870967741936
0.7632258064516129
0.7896774193548387
0.78
0.772258064516129
0.7529032258064516
0.7774193548387097
0.7516129032258064
0.7438709677419355
0.7445161290322581
0.7703225806451612
0.7541935483870967
0.7554838709677419
0.7916129032258065
0.7780645161290323
0.7832258064516129
0.787741935483871
0.7535483870967742
0.7858064516129032
0.787741935483871
0.7625806451612903
0.7509677419354839
0.7793548387096774
0.7851612903225806
0.7948387096774193
0.7696774193548387
0.7606451612903226
0.7806451612903226
0.7587096774193548
0.7677419354838709
0.7664516129032258
0.7709677419354839
0.7509677419354839
0.7664516129032258
0.7935483870967742
0.7587096774193548
0.7541935483870967
0.7696774193548387
0.7851612903225806
0.7548387096774194
0.7716129032258064
0.7741935483870968
0.7464516129032258
0.7683870967741936
0.7541935483870967
0.7825806451612903
0.787741935483871
0.7696774193548387
0.7787096774193548
0.7593548387096775
0.7554838709677419
0.7858064516129032
0.7864516129032258
0.74
0.7832258064516129
0.7974193548387096
0.7890322580645162
0.775483870967742
0.7748387096774193
0.787741935483871
0.775483870967742
0.772258064516129
0.7503225806451613
0.7606451612903226
0.7748387096774193
0.7806451612903226
0.7664516129032258
0.7864516129032258
0.7580645161290323
0.7774193548387097
0.7703225806451612
0.7658064516129032
0.7516129032258064
0.7406451612903225
0.7729032258064517
0.775483870967742
0.7909677419354839
0.7651612903225806
0.756774193548387
0.7625806451612903
0.7793548387096774
0.7503225806451613
0.7735483870967742
0.787741935483871
0.7929032258064516
0.7451612903225806
0.7445161290322581
0.7625806451612903
0.7625806451612903
0.7541935483870967
0.7606451612903226
0.7709677419354839
0.7974193548387096
0.7619354838709678
0.7806451612903226
0.756774193548387
0.7883870967741935
0.7412903225806452
0.7632258064516129
0.7516129032258064
0.7819354838709678
0.7587096774193548
0.7909677419354839
0.7612903225806451
0.747741935483871
0.7883870967741935
0.7741935483870968
0.7645161290322581
0.8051612903225807
0.7703225806451612
0.7561290322580645
0.7632258064516129
0.7580645161290323
0.7870967741935484
0.7612903225806451
0.74
0.7716129032258064
0.7619354838709678
0.752258064516129
0.7774193548387097
0.756774193548387
0.7612903225806451
0.7496774193548387
0.7503225806451613
0.7458064516129033
0.775483870967742
0.7580645161290323
0.7819354838709678
0.7619354838709678
0.7561290322580645
0.7780645161290323
0.7825806451612903
0.7767741935483871
0.7896774193548387
0.752258064516129
0.7458064516129033
0.7483870967741936
0.7741935483870968
0.7645161290322581
0.7767741935483871
0.7561290322580645
0.7716129032258064
0.7619354838709678
0.792258064516129
0.7645161290322581
0.792258064516129
0.7593548387096775
0.7425806451612903
0.7658064516129032
0.7780645161290323
0.7767741935483871
0.756774193548387
0.775483870967742
0.7967741935483871
0.7580645161290323
0.7451612903225806
0.7858064516129032
0.7748387096774193
0.7664516129032258
0.7909677419354839
0.7651612903225806
0.787741935483871
0.7670967741935484
0.7632258064516129
0.7509677419354839
0.7832258064516129
0.792258064516129
0.7741935483870968
0.7690322580645161
0.7516129032258064
0.7787096774193548
0.7870967741935484
0.7535483870967742
0.7683870967741936
0.7690322580645161
0.7703225806451612
0.7948387096774193
0.7941935483870968
0.7561290322580645
0.7509677419354839
0.7806451612903226
0.7683870967741936
0.7425806451612903
0.7587096774193548
0.7322580645161291
0.7890322580645162
0.8103225806451613
0.7561290322580645
0.7858064516129032
0.7619354838709678
0.775483870967742
0.7490322580645161
0.7496774193548387
0.7645161290322581
0.7793548387096774
0.7341935483870968
0.7703225806451612
0.7903225806451613
0.7793548387096774
0.7580645161290323
0.7651612903225806
0.7612903225806451
0.7812903225806451
0.7677419354838709
0.7793548387096774
0.7496774193548387
0.7606451612903226
0.7716129032258064
0.7548387096774194
0.7916129032258065
0.7709677419354839
0.78
0.7445161290322581
0.7496774193548387
0.7664516129032258
0.7793548387096774
0.7445161290322581
0.7670967741935484
0.7683870967741936
0.8019354838709677
0.7929032258064516
0.7561290322580645
0.7380645161290322
0.7980645161290323
0.7238709677419355
0.7612903225806451
0.7716129032258064
0.7741935483870968
0.7393548387096774
0.7741935483870968
0.7587096774193548
0.7677419354838709
0.76
0.8038709677419354
0.7812903225806451
0.7541935483870967
0.7683870967741936
0.7729032258064517
0.7612903225806451
0.7741935483870968
0.7670967741935484
0.7638709677419355
0.7496774193548387
0.78
0.7716129032258064
0.7967741935483871
0.7561290322580645
0.7645161290322581
0.7651612903225806
0.7651612903225806
0.7838709677419354
0.8025806451612904
0.7748387096774193
0.7658064516129032
0.7961290322580645
0.7412903225806452
0.7703225806451612
0.7774193548387097
0.772258064516129
0.7670967741935484
0.7593548387096775
0.775483870967742
0.7729032258064517
0.7335483870967742
0.7741935483870968
0.7780645161290323
0.7406451612903225
0.7658064516129032
0.7632258064516129
0.7825806451612903
0.7554838709677419
0.7741935483870968
0.7683870967741936
0.7593548387096775
0.7716129032258064
0.7916129032258065
0.7748387096774193
0.795483870967742
0.7832258064516129
0.7774193548387097
0.7632258064516129
0.7490322580645161
0.7496774193548387
0.792258064516129
0.7619354838709678
0.8103225806451613
0.7677419354838709
0.7870967741935484
0.7535483870967742
0.7587096774193548
0.8045161290322581
0.7496774193548387
0.7709677419354839
0.7870967741935484
0.795483870967742
0.775483870967742
0.7780645161290323
0.7658064516129032
0.7645161290322581
0.7645161290322581
0.7696774193548387
0.7838709677419354
0.7683870967741936
0.7580645161290323
0.78
0.7664516129032258
0.7780645161290323
0.7490322580645161
0.7580645161290323
0.7690322580645161
0.7890322580645162
0.7696774193548387
0.7735483870967742
0.7651612903225806
0.7851612903225806
0.7677419354838709
0.7683870967741936
0.7858064516129032
0.7961290322580645
0.7729032258064517
0.7632258064516129
0.7767741935483871
0.7825806451612903
0.7709677419354839
0.7890322580645162
0.7619354838709678
0.7632258064516129
0.7625806451612903
0.7941935483870968
0.7903225806451613
0.76
0.7535483870967742
0.76
0.7832258064516129
0.7909677419354839
0.7858064516129032
0.7619354838709678
0.7632258064516129
0.7664516129032258
0.7851612903225806
0.7761290322580645
0.7703225806451612
0.772258064516129
0.7729032258064517
0.7767741935483871
0.7638709677419355
0.7554838709677419
0.7806451612903226
0.747741935483871
0.7774193548387097
0.7735483870967742
0.7716129032258064
0.7670967741935484
0.7735483870967742
0.7741935483870968
0.7735483870967742
0.795483870967742
0.7812903225806451
0.76
0.7709677419354839
0.7703225806451612
0.7683870967741936
0.7748387096774193
0.7677419354838709
0.7664516129032258
0.7864516129032258
0.7806451612903226
0.7638709677419355
0.7941935483870968
0.7987096774193548
0.7761290322580645
0.7354838709677419
0.7806451612903226
0.7683870967741936
0.7632258064516129
0.7470967741935484
0.7948387096774193
0.787741935483871
0.74
0.7793548387096774
0.7412903225806452
0.7670967741935484
0.7683870967741936
0.7767741935483871
0.7593548387096775
0.7883870967741935
0.775483870967742
0.7845161290322581
0.7709677419354839
0.7683870967741936
0.7793548387096774
0.8058064516129032
0.7909677419354839
0.7735483870967742
0.7806451612903226
0.7464516129032258
0.7425806451612903
0.7490322580645161
0.7554838709677419
0.7593548387096775
0.772258064516129
0.7838709677419354
0.7690322580645161
0.7574193548387097
0.7625806451612903
0.7741935483870968
0.7696774193548387
0.7664516129032258
0.7329032258064516
0.7929032258064516
0.7561290322580645
0.7690322580645161
0.787741935483871
0.7741935483870968
0.7890322580645162
0.7664516129032258
0.7677419354838709
0.7761290322580645
0.787741935483871
0.7625806451612903
0.7561290322580645
0.7645161290322581
0.7632258064516129
0.7729032258064517
0.7825806451612903
0.7864516129032258
0.7890322580645162
0.7619354838709678
0.7993548387096774
0.7967741935483871
0.7987096774193548
0.7445161290322581
0.7619354838709678
0.7574193548387097
0.7864516129032258
0.756774193548387
0.7774193548387097
0.7541935483870967
0.7354838709677419
0.7812903225806451
0.7851612903225806
0.7516129032258064
0.7574193548387097
0.7883870967741935
0.7425806451612903
0.7664516129032258
0.7645161290322581
0.7838709677419354
0.7341935483870968
0.7767741935483871
0.7651612903225806
0.7651612903225806
0.7561290322580645
0.7838709677419354
0.7696774193548387
0.7587096774193548
0.7529032258064516
0.7806451612903226
0.7658064516129032
0.7858064516129032
0.747741935483871
0.7483870967741936
0.8032258064516129
0.7787096774193548
0.7774193548387097
0.7787096774193548
0.795483870967742
0.7612903225806451
0.7406451612903225
0.7464516129032258
0.7748387096774193
0.7503225806451613
0.8141935483870968
0.7916129032258065
0.7735483870967742
0.7961290322580645
0.7806451612903226
0.7638709677419355
0.7632258064516129
0.7529032258064516
0.7890322580645162
0.7748387096774193
0.7716129032258064
0.7593548387096775
0.7541935483870967
0.7490322580645161
0.7890322580645162
0.7593548387096775
0.7838709677419354
0.7677419354838709
0.7541935483870967
0.7729032258064517
0.7961290322580645
0.7554838709677419
0.792258064516129
0.7825806451612903
0.7703225806451612
0.7832258064516129
0.7541935483870967
0.7858064516129032
0.7587096774193548
0.7774193548387097
0.7858064516129032
0.7548387096774194
0.7658064516129032
0.7464516129032258
0.7658064516129032
0.7858064516129032
0.7774193548387097
0.7845161290322581
0.7735483870967742
0.7774193548387097
0.787741935483871
0.7529032258064516
0.7638709677419355
0.7696774193548387
0.7761290322580645
0.7748387096774193
0.7774193548387097
0.7870967741935484
0.772258064516129
0.7909677419354839
0.7787096774193548
0.7748387096774193
0.7541935483870967
0.7683870967741936
0.7948387096774193
0.772258064516129
0.7819354838709678
0.7335483870967742
0.7458064516129033
0.8025806451612904
0.7703225806451612
0.7206451612903226
0.7580645161290323
0.7683870967741936
0.743225806451613
0.7748387096774193
0.7677419354838709
0.7780645161290323
0.7541935483870967
0.7529032258064516
0.772258064516129
0.7606451612903226
0.7832258064516129
0.8141935483870968
0.7612903225806451
0.7690322580645161
0.7961290322580645
0.7606451612903226
0.7909677419354839
0.7780645161290323
0.7606451612903226
0.7864516129032258
0.7761290322580645
0.7832258064516129
0.7903225806451613
0.78
0.7974193548387096
0.7858064516129032
0.7903225806451613
0.7593548387096775
0.7574193548387097
0.7787096774193548
0.76
0.7858064516129032
0.772258064516129
0.7761290322580645
0.756774193548387
0.7980645161290323
0.78
0.7761290322580645
0.7903225806451613
0.7735483870967742
0.8012903225806451
0.7619354838709678
0.7748387096774193
0.76
0.7793548387096774
0.7651612903225806
0.7870967741935484
0.775483870967742
0.7606451612903226
0.7503225806451613
0.7735483870967742
0.7748387096774193
0.7748387096774193
0.7696774193548387
0.7812903225806451
0.7651612903225806
0.7651612903225806
0.7780645161290323
0.7464516129032258
0.7703225806451612
0.7625806451612903
0.7767741935483871
0.7845161290322581
0.7632258064516129
0.7806451612903226
0.7451612903225806
0.752258064516129
0.7683870967741936
0.7632258064516129
0.7561290322580645
0.7458064516129033
0.7632258064516129
0.7735483870967742
0.7625806451612903
0.7787096774193548
0.7961290322580645
0.7883870967741935
0.7967741935483871
0.7361290322580645
0.7690322580645161
0.7516129032258064
0.7645161290322581
0.7574193548387097
0.7664516129032258
0.7683870967741936
0.8006451612903226
0.775483870967742
0.7974193548387096
0.7735483870967742
0.8116129032258065
0.7367741935483871
0.7787096774193548
0.7793548387096774
0.775483870967742
0.7709677419354839
0.7651612903225806
0.7916129032258065
0.7980645161290323
0.7677419354838709
0.7761290322580645
0.7696774193548387
0.7741935483870968
0.7593548387096775
0.7496774193548387
0.7645161290322581
0.7896774193548387
0.7793548387096774
0.7548387096774194
0.7632258064516129
0.7580645161290323
0.7767741935483871
0.7509677419354839
0.7574193548387097
0.7658064516129032
0.7548387096774194
0.7903225806451613
0.7761290322580645
0.7729032258064517
0.7625806451612903
0.7606451612903226
0.76
0.7548387096774194
0.7438709677419355
0.7548387096774194
0.7870967741935484
0.7503225806451613
0.7541935483870967
0.7767741935483871
0.7529032258064516
0.787741935483871
0.7296774193548388
0.7838709677419354
0.7535483870967742
0.7645161290322581
0.78
0.7748387096774193
0.7729032258064517
0.7393548387096774
0.7632258064516129
0.7677419354838709
0.7729032258064517
0.7690322580645161
0.7677419354838709
0.7858064516129032
0.7780645161290323
0.7587096774193548
0.747741935483871
0.7703225806451612
0.7683870967741936
0.7890322580645162
0.752258064516129
0.7393548387096774
0.7664516129032258
0.7729032258064517
0.7780645161290323
0.7380645161290322
0.7529032258064516
0.7619354838709678
0.772258064516129
0.7690322580645161
0.8109677419354838
0.7709677419354839
0.7716129032258064
0.7793548387096774
0.7483870967741936
0.8032258064516129
0.7741935483870968
0.7883870967741935
0.775483870967742
0.7664516129032258
0.7993548387096774
0.7445161290322581
0.7529032258064516
0.7787096774193548
0.7535483870967742
0.7509677419354839
0.7406451612903225
0.752258064516129
0.7793548387096774
0.7664516129032258
0.7851612903225806
0.7670967741935484
0.7993548387096774
0.7451612903225806
0.7664516129032258
0.7690322580645161
0.7767741935483871
0.787741935483871
0.7825806451612903
0.7825806451612903
0.7683870967741936
0.7735483870967742
0.7464516129032258
0.7845161290322581
0.7580645161290323
0.7690322580645161
0.7529032258064516
0.7580645161290323
0.8025806451612904
0.7683870967741936
0.7587096774193548
0.7735483870967742
0.792258064516129
0.7729032258064517
0.7496774193548387
0.7948387096774193
0.775483870967742
0.7548387096774194
0.7716129032258064
0.7509677419354839
0.7451612903225806
0.8012903225806451
0.772258064516129
0.7703225806451612
0.7787096774193548
0.7503225806451613
0.756774193548387
0.7825806451612903
0.772258064516129
0.7580645161290323
0.7838709677419354
0.7651612903225806
0.7961290322580645
0.7412903225806452
0.7838709677419354
0.7812903225806451
0.7774193548387097
0.7638709677419355
0.7825806451612903
0.7509677419354839
0.7483870967741936
0.7793548387096774
0.7948387096774193
0.7638709677419355
0.7470967741935484
0.78
0.7670967741935484
0.7625806451612903
0.7548387096774194
0.7516129032258064
0.775483870967742
0.7645161290322581
0.7690322580645161
0.7780645161290323
0.7690322580645161
0.7741935483870968
0.7787096774193548
0.7703225806451612
0.7767741935483871
0.7787096774193548
0.7812903225806451
0.7787096774193548
0.7574193548387097
0.7664516129032258
0.795483870967742
0.7967741935483871
0.7941935483870968
0.7838709677419354
0.7690322580645161
0.775483870967742
0.7587096774193548
0.7612903225806451
0.7561290322580645
0.7832258064516129
0.7812903225806451
0.7664516129032258
0.772258064516129
0.7787096774193548
0.7909677419354839
0.7696774193548387
0.7470967741935484
0.7606451612903226
0.756774193548387
0.7470967741935484
0.787741935483871
0.7845161290322581
0.7419354838709677
0.772258064516129
0.7632258064516129
0.752258064516129
0.7632258064516129
0.7367741935483871
0.7535483870967742
0.7741935483870968
0.7509677419354839
0.78
0.7658064516129032
0.7561290322580645
0.7703225806451612
0.7683870967741936
0.7658064516129032
0.7541935483870967
0.7270967741935483
0.7516129032258064
0.7696774193548387
0.7864516129032258
0.76
0.7658064516129032
0.7483870967741936
0.7812903225806451
0.775483870967742
0.7651612903225806
0.7980645161290323
0.7393548387096774
0.7541935483870967
0.7929032258064516
0.7787096774193548
0.7587096774193548
0.7735483870967742
0.7858064516129032
0.7683870967741936
0.7916129032258065
0.7632258064516129
0.7761290322580645
0.7896774193548387
0.76
0.7632258064516129
0.7664516129032258
0.7909677419354839
0.7761290322580645
0.7825806451612903
0.7774193548387097
0.7838709677419354
0.7825806451612903
0.7793548387096774
0.7890322580645162
0.7967741935483871
0.756774193548387
0.7677419354838709
0.7916129032258065
0.772258064516129
0.7658064516129032
0.7664516129032258
0.7451612903225806
0.7638709677419355
0.7670967741935484
0.7793548387096774
0.7793548387096774
0.7670967741935484
0.7593548387096775
0.7890322580645162
0.7774193548387097
0.7748387096774193
0.7838709677419354
0.7767741935483871
0.7980645161290323
0.7574193548387097
0.7741935483870968
0.7774193548387097
0.7587096774193548
0.7748387096774193
0.8012903225806451
0.7387096774193549
0.7464516129032258
0.7683870967741936
0.7606451612903226
0.7516129032258064
0.7993548387096774
0.8012903225806451
0.7851612903225806
0.7535483870967742
0.7393548387096774
0.7561290322580645
0.7806451612903226
0.7916129032258065
0.7774193548387097
0.7677419354838709
0.7838709677419354
0.7503225806451613
0.7858064516129032
0.7806451612903226
0.775483870967742
0.7619354838709678
0.7677419354838709
0.7716129032258064
0.7709677419354839
0.7838709677419354
0.7593548387096775
0.7593548387096775
0.7587096774193548
0.7587096774193548
0.7787096774193548
0.7832258064516129
0.7729032258064517
0.7819354838709678
0.7793548387096774
0.7612903225806451
0.756774193548387
0.7851612903225806
0.7845161290322581
0.7851612903225806
0.7509677419354839
0.7838709677419354
0.7812903225806451
0.7806451612903226
0.7503225806451613
0.7787096774193548
0.7470967741935484
0.7774193548387097
0.7574193548387097
0.7696774193548387
0.7974193548387096
0.7793548387096774
0.7425806451612903
0.7709677419354839
0.752258064516129
0.7870967741935484
0.7709677419354839
0.7483870967741936
0.792258064516129
0.7664516129032258
0.7619354838709678
0.7554838709677419
0.792258064516129
0.7883870967741935
0.7651612903225806
0.7716129032258064
0.7774193548387097
0.7806451612903226
0.7548387096774194
0.7561290322580645
0.7716129032258064
0.7529032258064516
0.775483870967742
0.756774193548387
0.7632258064516129
0.7929032258064516
0.7561290322580645
0.7832258064516129
0.7683870967741936
0.7677419354838709
0.76
0.7716129032258064
0.7645161290322581
0.792258064516129
0.775483870967742
0.7587096774193548
0.7677419354838709
0.7580645161290323
0.7690322580645161
0.7574193548387097
0.7858064516129032
0.7729032258064517
0.7535483870967742
0.7561290322580645
0.7832258064516129
0.7825806451612903
0.7587096774193548
0.7748387096774193
0.7516129032258064
0.7464516129032258
0.7941935483870968
0.7651612903225806
0.7696774193548387
0.7748387096774193
0.7903225806451613
0.8032258064516129
0.7703225806451612
0.7664516129032258
0.772258064516129
0.775483870967742
0.7812903225806451
0.7458064516129033
0.7677419354838709
0.7587096774193548
0.795483870967742
0.7677419354838709
0.7509677419354839
0.7580645161290323
0.7793548387096774
0.7670967741935484
0.7690322580645161
0.7883870967741935
0.7825806451612903
0.775483870967742
0.7677419354838709
0.7780645161290323
0.795483870967742
0.7709677419354839
0.772258064516129
0.7451612903225806
0.7606451612903226
0.7696774193548387
0.7774193548387097
0.7812903225806451
0.7806451612903226
0.7819354838709678
0.7780645161290323
0.7735483870967742
0.7593548387096775
0.7580645161290323
0.78
0.7587096774193548
0.7393548387096774
0.7580645161290323
0.7845161290322581
0.7948387096774193
0.7464516129032258
0.7774193548387097
0.7438709677419355
0.752258064516129
0.7645161290322581
0.7890322580645162
0.7916129032258065
0.7903225806451613
0.7483870967741936
0.7483870967741936
0.7709677419354839
0.7664516129032258
0.7541935483870967
0.7709677419354839
0.7548387096774194
0.7787096774193548
0.7812903225806451
0.7541935483870967
0.7812903225806451
0.7948387096774193
0.7612903225806451
0.7858064516129032
0.7677419354838709
0.7677419354838709
0.7645161290322581
0.7425806451612903
0.7735483870967742
0.7741935483870968
0.7606451612903226
0.7677419354838709
0.7774193548387097
0.7619354838709678
0.7587096774193548
0.76
0.7761290322580645
0.7425806451612903
0.8019354838709677
0.7812903225806451
0.7690322580645161
0.7683870967741936
0.7690322580645161
0.7516129032258064
0.7541935483870967
0.8019354838709677
0.7819354838709678
0.792258064516129
0.7929032258064516
0.7987096774193548
0.8090322580645162
0.7554838709677419
0.7696774193548387
0.7670967741935484
0.7903225806451613
0.756774193548387
0.752258064516129
0.7793548387096774
0.8083870967741935
0.7845161290322581
0.7941935483870968
0.7761290322580645
0.7870967741935484
0.7948387096774193
0.7670967741935484
0.7412903225806452
0.7445161290322581
0.772258064516129
0.7909677419354839
0.7858064516129032
0.747741935483871
0.7632258064516129
0.76
0.7896774193548387
0.7670967741935484
0.775483870967742
0.7748387096774193
0.7516129032258064
0.775483870967742
0.7716129032258064
0.7529032258064516
0.7741935483870968
0.7741935483870968
0.7690322580645161
0.7793548387096774
0.787741935483871
0.7774193548387097
0.7709677419354839
0.7541935483870967
0.7541935483870967
0.78
0.752258064516129
0.7812903225806451
0.7870967741935484
0.7696774193548387
0.7496774193548387
0.7670967741935484
0.7387096774193549
0.7780645161290323
0.787741935483871
0.7335483870967742
0.7780645161290323
0.7735483870967742
0.7845161290322581
0.7670967741935484
0.7651612903225806
0.7670967741935484
0.7709677419354839
0.7619354838709678
0.7883870967741935
0.7864516129032258
0.7380645161290322
0.7735483870967742
0.7774193548387097
0.7690322580645161
0.7703225806451612
0.7987096774193548
0.7780645161290323
0.7735483870967742
0.7883870967741935
0.7651612903225806
0.787741935483871
0.7858064516129032
0.7709677419354839
0.7490322580645161
0.7554838709677419
0.7670967741935484
0.7967741935483871
0.78
0.7903225806451613
0.7677419354838709
0.7458064516129033
0.7980645161290323
0.7967741935483871
0.7696774193548387
0.7690322580645161
0.7651612903225806
0.7406451612903225
0.7909677419354839
0.7529032258064516
0.7735483870967742
0.7774193548387097
0.7716129032258064
0.7593548387096775
0.7825806451612903
0.76
0.7651612903225806
0.7458064516129033
0.7593548387096775
0.7541935483870967
0.7612903225806451
