0.8967642526964561
0.9031007751937985
0.8984126984126984
0.9062992125984252
0.9035608308605341
0.9105935386927122
0.8916218293620292
0.894576012223071
0.9020771513353115
0.9011235955056179
0.9134099616858238
0.9195230998509687
0.9074923547400612
0.8918711656441718
0.8983433734939759
0.8999230177059276
0.890272373540856
0.9042632759910246
0.9078549848942599
0.9057632398753894
0.8964204112718964
0.8960060286360211
0.8950665622552858
0.8970358814352574
0.8994826311899483
0.9025487256371814
0.8918705603788477
0.9071537290715372
0.8971820258948972
0.8979278587874137
0.8805031446540881
0.9063197026022305
0.9088888888888889
0.9081081081081082
0.885692068429238
0.9030303030303031
0.8946153846153846
0.9009009009009009
0.9011320754716982
0.8933333333333333
0.8957198443579767
0.898936170212766
0.9046898638426626
0.8930197268588771
0.906396255850234
0.9041731066460588
0.9110595514307811
0.8924731182795699
0.8879377431906614
0.8865900383141763
0.8972549019607843
0.8928289992119779
0.9079341317365269
0.9076127124907613
0.9017651573292402
0.909021986353298
0.9020346646571213
0.9026615969581749
0.8991466252909232
0.8948182521268369
0.8931888544891641
0.8990963855421686
0.9015151515151515
0.9011583011583012
0.9132047477744807
0.9027982326951399
0.9022900763358779
0.9002284843869002
0.8805855161787365
0.8960359012715033
0.9061068702290076
0.9012345679012346
0.8792834890965732
0.8927469135802469
0.9111617312072893
0.8872810357958872
0.8865578865578866
0.9104134762633997
0.9066767830045523
0.8986175115207373
0.9139072847682119
0.8749010292953285
0.8991660348749052
0.9090909090909091
0.8950995405819295
0.9108983799705449
0.8989197530864198
0.8890612878200155
0.9060816012317167
0.8919330289193302
0.9066767830045523
0.8872472783825817
0.8983451536643026
0.896124031007752
0.9128440366972477
0.9039504260263361
0.8998470948012233
0.8992307692307693
0.8882854926299457
0.899236641221374
0.8937784522003035
0.8814756671899528
0.8993855606758833
0.9038167938931297
0.9065420560747663
0.9003831417624522
0.9003091190108191
0.877373417721519
0.9116766467065869
0.8938807126258714
0.9074355083459787
0.895800933125972
0.900459418070444
0.9028527370855821
0.8884555382215289
0.8853102906520032
0.9010054137664346
0.8981191222570533
0.8890577507598785
0.9080459770114943
0.8822605965463108
0.9029126213592233
0.903370786516854
0.906832298136646
0.8888888888888888
0.8928844682478959
0.8894080996884736
0.8969149736644093
0.8987538940809969
0.8947368421052632
0.8701095461658842
0.9117199391171994
0.8811188811188811
0.9040989945862336
0.89921875
0.9027667984189723
0.897196261682243
0.8978955572876072
0.8973384030418251
0.8986384266263238
0.9093632958801499
0.902668759811617
0.9083969465648855
0.8868813825608798
0.9012251148545176
0.918106686701728
0.8929402637703646
0.8962906888720666
0.8862275449101796
0.9093678598629094
0.8965779467680608
0.8982402448355011
0.9006163328197226
0.8979750778816199
0.893455098934551
0.8990825688073395
0.8968437259430331
0.8933231005372217
0.8894080996884736
0.8808952837729817
0.8969924812030076
0.8994586233565351
0.88871096877502
0.9024390243902439
0.8856485034535687
0.8986068111455109
0.8948170731707317
0.8967100229533282
0.8998470948012233
0.8931888544891641
0.9064856711915535
0.9097688292319165
0.9029275808936826
0.8961625282167043
0.8928844682478959
0.9038311180609852
0.9092953523238381
0.9137798306389531
0.884437596302003
0.9036237471087124
0.9028831562974203
0.8936825885978429
0.8906128782001551
0.8796223446105429
0.8958496476115897
0.9040675364543361
0.9019316493313522
0.8749016522423289
0.8928571428571429
0.9037593984962407
0.8972809667673716
0.9005355776587605
0.9027237354085603
0.9031037093111279
0.901386748844376
0.8986280487804879
0.891354246365723
0.8936170212765957
0.9033962264150943
0.897138437741686
0.9051918735891648
0.9122418879056047
0.900852052672347
0.9016516516516516
0.9064914992272025
0.9019756838905775
0.8953313253012049
0.8941634241245137
0.8889739663093414
0.8940646130728775
0.9047619047619048
0.8939873417721519
0.8947368421052632
0.8996865203761756
0.9021571648690293
0.9135338345864662
0.8935045317220544
0.8943396226415095
0.8866459627329193
0.8888030888030888
0.9018867924528302
0.8997005988023952
0.8964204112718964
0.8967642526964561
0.8977099236641222
0.8939628482972136
0.9026615969581749
0.9086859688195991
0.8990203466465713
0.9005315110098709
0.8998447204968945
0.8947368421052632
0.8853601859024013
0.9069423929098966
0.9031007751937985
0.9010132501948558
0.9044730856709629
0.9050873196659074
0.8895612708018155
0.9113448534936138
0.8979750778816199
0.9040785498489426
0.9084720121028744
0.9030803906836965
0.9000757002271007
0.8963691376701967
0.8945783132530121
0.888100866824271
0.8936495791889824
0.9026819923371647
0.8952599388379205
0.8934681181959565
0.8932626797880394
0.8952755905511811
0.895579268292683
0.8953846153846153
0.8982266769468004
0.8971820258948972
0.8950524737631185
0.9021406727828746
0.8958652373660031
0.8935849056603774
0.8908668730650154
0.894283476898982
0.8947368421052632
0.9029567854435178
0.8927469135802469
0.9028400597907325
0.8968133535660091
0.8910207214121258
0.9053747161241483
0.8920807453416149
0.8931357254290172
0.8872699386503068
0.9078651685393259
0.9004629629629629
0.9033255993812839
0.8969924812030076
0.8889722430607652
0.893666927286943
0.8885375494071146
0.8856235107227959
0.9035418236623964
0.8978211870773855
0.9026415094339623
0.9108527131782945
0.9006069802731411
0.8881064162754304
0.8949357520786092
0.9034892353377877
0.8961334344200151
0.892802450229709
0.8849420849420849
0.8923556942277691
0.8930523028883685
0.9030256012412723
0.9007692307692308
0.8878648233486943
0.8932190179267342
0.8922108575924469
0.8950233281493002
0.8882854926299457
0.8925556408288565
0.894576012223071
0.8966037735849056
0.8938807126258714
0.8877786318216756
0.9027027027027027
0.903448275862069
0.8942965779467681
0.8903680501174628
0.9047619047619048
0.9083269671504965
0.8984496124031007
0.887412040656763
0.9050925925925926
0.8920585967617579
0.8879310344827587
0.8919330289193302
0.905688622754491
0.9066564651874521
0.8835027365129007
0.8978328173374613
0.9011494252873563
0.9029567854435178
0.908745247148289
0.9033742331288344
0.8941082802547771
0.9011320754716982
0.90546875
0.9
0.8902627511591963
0.9048706240487062
0.9007751937984496
0.8903274942878904
0.8854727132974635
0.9058734939759037
0.9048706240487062
0.9067164179104478
0.8926640926640926
0.9000774593338497
0.8987635239567233
0.8937644341801386
0.8863987635239567
0.9058913542463657
0.8877005347593583
0.8906727828746177
0.8963963963963963
0.9027565084226646
0.8866615265998458
0.9236417033773862
0.8948948948948949
0.8833592534992224
0.8802816901408451
0.8962406015037594
0.9055472263868066
0.889944576405384
0.9108614232209737
0.8956862745098039
0.8956254796623178
0.8901689708141322
0.8942901234567902
0.9025522041763341
0.9055299539170507
0.8893219017926735
0.884737678855326
0.9007462686567164
0.9012345679012346
0.8851823118696664
0.8996168582375479
0.8812749003984064
0.913728432108027
0.8979744936234059
0.8989197530864198
0.8977272727272727
0.9024012393493416
0.8961538461538462
0.8839009287925697
0.8957528957528957
0.899546827794562
0.8982536066818527
0.8993808049535603
0.8999241849886277
0.9097688292319165
0.896551724137931
0.8983708301008534
0.9001512859304085
0.8939740655987796
0.9132104454685099
0.9132770529547198
0.9086651053864169
0.89117199391172
0.9101471727343144
0.8903891977760127
0.9056603773584906
0.8966049382716049
0.8962906888720666
0.9051262433052792
0.9092295957284515
0.8894858019953953
0.893026941362916
0.8934865900383142
0.8859984697781178
0.8805620608899297
0.896551724137931
0.9005315110098709
0.899103139013453
0.9123595505617977
0.9079754601226994
0.8990683229813664
0.9022556390977443
0.9027355623100304
0.8796296296296297
0.9041309431021044
0.8949386503067485
0.9070294784580499
0.900377358490566
0.8972549019607843
0.9020657995409335
0.8894899536321483
0.8882938026013772
0.8901689708141322
0.889776357827476
0.909716908951798
0.9049079754601227
0.8937784522003035
0.9015897047691143
0.8923426838514026
0.8944146901300689
0.9070487993803253
0.8953752843062927
0.9053030303030303
0.9107413010590015
0.9077632590315142
0.9044006069802731
0.906055900621118
0.8937452901281085
0.9022556390977443
0.9025487256371814
0.9065849923430321
0.9006069802731411
0.9043026706231454
0.9086062452399086
0.8992974238875878
0.8883756735950731
0.9112903225806451
0.890539483971853
0.9026745913818722
0.8982266769468004
0.9025487256371814
0.9111457521434139
0.9193786982248521
0.9025157232704403
0.897943640517898
0.8839694656488549
0.8940092165898618
0.8978819969742814
0.8914198936977981
0.9016641452344932
0.8971471471471472
0.8945281522601111
0.8971603990790483
0.9052312357846853
0.9069212410501193
0.8940448569218871
0.8921417565485362
0.8942084942084942
0.8996226415094339
0.8968992248062015
0.9022154316271963
0.8827258320126783
0.8918507235338918
0.8989976869699307
0.9022852639873916
0.894776684330053
0.8943278943278943
0.9029567854435178
0.889894419306184
0.8969149736644093
0.9049429657794676
0.8969924812030076
0.89272030651341
0.9006259780907668
0.8886328725038403
0.8829457364341086
0.8932190179267342
0.9039370078740158
0.8940548780487805
0.9086792452830189
0.8975131876412962
0.8901778808971385
0.8831269349845201
0.89
0.8875096974398758
0.8921417565485362
0.9059561128526645
0.9036624203821656
0.9027993779160186
0.906060606060606
0.8877086494688923
0.8921568627450981
0.886676875957121
0.8903474903474904
0.8962558502340093
0.9160892994611239
0.88300395256917
0.9001572327044025
0.9051918735891648
0.9
0.900611620795107
0.901565995525727
0.8968192397207138
0.8967889908256881
0.8951863354037267
0.8986280487804879
0.9029275808936826
0.8904538341158059
0.8993028659953525
0.8956386292834891
0.8996108949416343
0.9046511627906977
0.8880248833592534
0.9054355919583023
0.9015037593984963
0.9003021148036254
0.894484412470024
0.8920754716981132
0.8930232558139535
0.8887147335423198
0.8939984411535464
0.884493670886076
0.8985167837626854
0.8958333333333334
0.9099236641221374
0.89117199391172
0.90584662110858
0.9117421335379893
0.8928850664581705
0.8966037735849056
0.8939277478862413
0.9034267912772586
0.8973384030418251
0.9021244309559939
0.8920152091254753
0.9138972809667674
0.9138198757763976
0.8975720789074355
0.8996138996138996
0.9035222052067381
0.8947772657450077
0.9105263157894737
0.90527950310559
0.884853168469861
0.9094283593170007
0.9042232277526395
0.9029671210906175
0.9058913542463657
0.900852052672347
0.9134687735139202
0.8920807453416149
0.8881987577639752
0.8937784522003035
0.9076803723816912
0.8997650743931088
0.9054878048780488
0.8887147335423198
0.8951367781155015
0.9051262433052792
0.9136904761904762
0.9045112781954887
0.8915022761760243
0.9026415094339623
0.8910060975609756
0.8717156105100463
0.8917246713070379
0.9032258064516129
0.8931061192873742
0.8989197530864198
0.9021986353297953
0.8988593155893536
0.8858447488584474
0.9000757002271007
0.9011406844106464
0.898695318495779
0.894980694980695
0.8930817610062893
0.8969149736644093
0.8953942232630757
0.8916218293620292
0.897165991902834
0.9032258064516129
0.9
0.9014084507042254
0.9023255813953488
0.9003044140030442
0.8884730538922155
0.896875
0.9026615969581749
0.9089517980107116
0.9019908116385911
0.9024390243902439
0.8972111553784861
0.8923904688700999
0.9052711993888465
0.8996983408748115
0.9006163328197226
0.9041509433962264
0.9074215761285387
0.8950617283950617
0.9008941877794336
0.8837391987431265
0.8845553822152886
0.9089481946624803
0.8942528735632184
0.8868640850417616
0.9070660522273426
0.8963133640552995
0.884375
0.901300688599847
0.8974358974358975
0.9120961682945155
0.8959627329192547
0.9009077155824509
0.9050151975683891
0.9062027231467473
0.8747135217723453
0.8699690402476781
0.8939740655987796
0.9054355919583023
0.8894117647058823
0.8928844682478959
0.901689708141321
0.8915946582875098
0.8859315589353612
0.8989280245022971
0.8691514670896114
0.8920367534456355
0.9027237354085603
0.9032006245120999
0.8902532617037605
0.9010654490106544
0.8772619984264359
0.8910658307210031
0.8912529550827423
0.8981623277182236
0.9080633006782216
0.9046529366895499
0.9090909090909091
0.9077519379844962
0.906576980568012
0.9008327024981075
0.9023646071700991
0.893211289092296
0.9051918735891648
0.9149096385542169
0.8899012908124525
0.88871834228703
0.9048361934477379
0.900990099009901
0.8921417565485362
0.8927756653992396
0.8998447204968945
0.889922480620155
0.9069230769230769
0.8904942965779468
0.9034954407294833
0.8885375494071146
0.8953579858379229
0.878200155159038
0.8944099378881988
0.898572501878287
0.9052388289676425
0.8951048951048951
0.8828549262994569
0.8771251931993818
0.9134687735139202
0.8962558502340093
0.9044635865309318
0.9034267912772586
0.8995398773006135
0.8980544747081712
0.9002338269680437
0.9166666666666666
0.899768696993061
0.8972653362897265
0.8960060286360211
0.8927173061863743
0.8916601714731099
0.9015384615384615
0.8843226788432268
0.8948580199539524
0.8936006168080185
0.8936495791889824
0.8983833718244804
0.8964741185296324
0.9138321995464853
0.8881889763779528
0.9042232277526395
0.9052631578947369
0.8942901234567902
0.9084139985107967
0.8929946112394149
0.9170437405731523
0.8909090909090909
0.8948562783661119
0.9001572327044025
0.9103240391861341
0.9118098159509203
0.8997650743931088
0.9033018867924528
0.8826219512195121
0.8918918918918919
0.9007633587786259
0.886085626911315
0.8893219017926735
0.8997632202052092
0.8782742681047766
0.8937160589604345
0.899922420480993
0.9021571648690293
0.8926380368098159
0.8966309341500766
0.9042145593869731
0.8908668730650154
0.8985282726568552
0.8748091603053435
0.8968678380443086
0.8705321683876092
0.8996840442338072
0.9022388059701493
0.8913560666137986
0.8983957219251337
0.8983708301008534
0.9035493827160493
0.8986749805144193
0.8916334661354581
0.8857808857808858
0.8956723338485317
0.9079147640791476
0.8873456790123457
0.8953752843062927
0.904434250764526
0.8966846569005397
0.9053343350864012
0.8863109048723898
0.8938253012048193
0.9026615969581749
0.9078233927188226
0.8894899536321483
0.9071373752877974
0.9070294784580499
0.9039200614911607
0.8949357520786092
0.9039759939984996
0.8831269349845201
0.9023255813953488
0.8925056775170326
0.9055299539170507
0.8927469135802469
0.9069940476190477
0.887412040656763
0.8928035982008995
0.9033000767459708
0.8958966565349544
0.8944146901300689
0.9047981721249048
0.8767660910518054
0.9013107170393215
0.8950995405819295
0.9077961019490255
0.9031531531531531
0.8932714617169374
0.897125567322239
0.8906372934697089
0.897025171624714
0.9069767441860465
0.9010654490106544
0.8945342571208622
0.8942598187311178
0.8970588235294118
0.8948170731707317
0.8860265417642467
0.8996138996138996
0.910958904109589
0.901386748844376
0.8880368098159509
0.9042801556420234
0.8937160589604345
0.8810810810810811
0.9077040427154843
0.9111617312072893
0.905802562170309
0.9039334341906202
0.889745566692367
0.9108910891089109
0.8958174904942966
0.9127773527161438
0.9006928406466512
0.8882896764252697
0.9075056861258529
0.8998459167950693
0.9016141429669485
0.898695318495779
0.9157733537519143
0.9103448275862069
0.9022556390977443
0.9040178571428571
0.8953125
0.9084821428571429
0.8991723100075244
0.8828549262994569
0.8832684824902723
0.9110612855007474
0.9014626635873749
0.9062027231467473
0.9005315110098709
0.8959276018099548
0.9049056603773585
0.9172259507829977
0.897239263803681
0.8938461538461538
0.8963133640552995
0.9017857142857143
0.903177004538578
0.8943338437978561
0.8901013250194856
0.9049808429118774
0.8909803921568628
0.8871349644830308
0.8775193798449612
0.9005355776587605
0.8859784283513097
0.891575663026521
0.9092284417549168
0.8952164009111617
0.9004524886877828
0.8974550898203593
0.8974960876369327
0.9015037593984963
0.9152024446142093
0.8931061192873742
0.8896713615023474
0.9021986353297953
0.8991660348749052
0.9250191277735271
0.8959136468774094
0.8929121725731896
0.9032501889644747
0.8950233281493002
0.8936006168080185
0.8981481481481481
0.9003067484662577
0.891575663026521
0.8993082244427364
0.9075882794891059
0.8906009244992296
0.8917647058823529
0.9023076923076923
0.8998493975903614
0.896875
0.8899848254931715
0.8990825688073395
0.8875
0.8960739030023095
0.8911353032659409
0.9059180576631259
0.904833836858006
0.8971036585365854
0.8971036585365854
0.8903474903474904
0.8967136150234741
0.9036869826937547
0.9051918735891648
0.892515923566879
0.9033232628398792
0.9011799410029498
0.8925129725722758
0.8965779467680608
0.9059367771781033
0.9069591527987897
0.896969696969697
0.9037721324095458
0.8812644564379337
0.8881226053639847
0.8969465648854962
0.8996226415094339
0.8991531947652041
0.9049056603773585
0.8891454965357968
0.9064914992272025
0.8951367781155015
0.8900763358778626
0.8900077459333849
0.8797814207650273
0.899768696993061
0.8996197718631179
0.9075882794891059
0.8929663608562691
0.8863287250384024
0.8941717791411042
0.8990895295902883
0.8888888888888888
0.8986280487804879
0.90854119425548
0.9088191330343797
0.8897576231430805
0.8850664581704457
0.8866615265998458
0.8946553059643687
0.8836307214895268
0.889745566692367
0.9029275808936826
0.9025830258302583
0.8948182521268369
0.8950943396226415
0.894283476898982
0.9095022624434389
0.8857827476038339
0.8955453149001537
0.899604743083004
0.9061068702290076
0.8828897338403042
0.9024024024024024
0.8921417565485362
0.8838109992254066
0.9030075187969925
0.8983308042488619
0.8966049382716049
0.9181681681681682
0.8980842911877395
0.8904428904428905
0.8948182521268369
0.8901778808971385
0.9072243346007605
0.9051724137931034
0.8987138263665595
0.890400604686319
0.8935185185185185
0.8767228177641654
0.898695318495779
0.9024390243902439
0.8884615384615384
0.8914240755310779
0.8914728682170543
0.8931657501963864
0.9081866870696251
0.9029733959311425
0.8991660348749052
0.8918711656441718
0.8881987577639752
0.9059893858984079
0.9048349961627015
0.9012251148545176
0.911144578313253
0.886983632112237
0.8873239436619719
0.8881118881118881
0.8983308042488619
0.8892284186401833
0.899390243902439
0.891388673390225
0.9016266460108443
0.8981989036805011
0.8972653362897265
0.8940092165898618
0.9090225563909774
0.8885448916408669
0.8867033831628639
0.8966309341500766
0.9047256097560976
0.9010654490106544
0.8990610328638498
0.898176291793313
0.90625
0.8909512761020881
0.885692068429238
0.9034690799396682
0.8933434190620272
0.8912875867386276
0.8981412639405204
0.8879573170731707
0.9060150375939849
0.8987052551408987
0.8906727828746177
0.8963893249607535
0.8971471471471472
0.9052631578947369
0.8938931297709923
0.8925304878048781
0.890015600624025
0.8922381311228335
0.9066059225512528
0.8857808857808858
0.8987730061349694
0.9052388289676425
0.9027027027027027
0.9049401197604791
0.898379970544919
0.89937106918239
0.8958496476115897
0.9056316590563166
0.8956723338485317
0.8916334661354581
0.9027667984189723
0.8736176935229067
0.9116314199395771
0.9084249084249084
0.8948598130841121
0.9042232277526395
0.8918711656441718
0.9006875477463713
0.890272373540856
0.8870716510903427
0.8963414634146342
0.8961625282167043
0.8802816901408451
0.8955453149001537
0.9064856711915535
0.9024390243902439
0.8815489749430524
0.8929663608562691
0.8940092165898618
0.8960060286360211
0.8920585967617579
0.8975720789074355
0.8933333333333333
0.8834355828220859
0.8970023059185243
0.8895800933125972
0.9060402684563759
0.9006875477463713
0.8982667671439337
0.8774243599689682
0.8894984326018809
0.8986068111455109
0.9063214013709063
0.8930817610062893
0.9083139083139083
0.9006982156710628
0.9100371747211896
0.9119638826185101
0.8918918918918919
0.8883610451306413
0.9108614232209737
0.8890701468189234
0.89765625
0.8978494623655914
0.9029275808936826
0.8798114689709348
0.8943768996960486
0.8913385826771654
0.9002320185614849
0.9059288537549407
0.9146706586826348
0.900377358490566
0.8981846882399369
0.8935681470137825
0.8916666666666667
0.8884615384615384
0.8994627782041443
0.9031007751937985
0.9025720966484801
0.8878504672897196
0.9090214067278287
0.8982402448355011
0.9016393442622951
0.8918495297805643
0.8965250965250965
0.8961538461538462
0.8919753086419753
0.908883826879271
0.9108469539375929
0.899390243902439
0.8995398773006135
0.9098422238918107
0.8936507936507937
0.9038013964313422
0.90625
0.9045771916214119
0.899075500770416
0.8855606758832565
0.8996960486322189
0.8983833718244804
0.8919135308246597
0.898695318495779
0.8987915407854985
0.8831372549019608
0.9050583657587549
0.8968192397207138
0.8987246811702926
0.891996891996892
0.906369915579432
0.8977879481311976
0.9012441679626749
0.9005355776587605
0.9079939668174962
0.9031273836765827
0.9207920792079208
0.9123750960799385
0.9007633587786259
0.8975346687211094
0.8696319018404908
0.8930523028883685
0.9109433962264151
0.8911196911196911
0.9096252755326966
0.9043545878693624
0.9016516516516516
0.8977183320220299
0.8940092165898618
0.912332838038633
0.8844065166795966
0.9011494252873563
0.9024024024024024
0.9047261815453863
0.9050535987748851
0.8972809667673716
0.8983833718244804
0.8829787234042553
0.8874524714828897
0.8952234206471494
0.8991723100075244
0.9028527370855821
0.9006259780907668
0.9090909090909091
0.8963133640552995
0.8960060286360211
0.8884555382215289
0.8944918541505043
0.8972179289026275
0.9041509433962264
0.9022324865280985
0.9014514896867838
0.9035019455252918
0.9135424636572304
0.9010054137664346
0.8909229595728452
0.906888720666162
0.9116104868913858
0.8940998487140696
0.8916857360793288
0.8938253012048193
0.8979744936234059
0.8913207547169811
0.9087481146304676
0.8969790859798605
0.892802450229709
0.8981481481481481
0.9092261904761905
0.9101208459214502
0.8958818958818959
0.8908807482462977
0.9050235478806907
0.9024943310657596
0.9076576576576577
0.9051593323216995
0.8931061192873742
0.9008587041373927
0.8986852281515855
0.9064150943396226
0.8966037735849056
0.8968437259430331
0.8978658536585366
0.9110595514307811
0.9019011406844106
0.8948995363214838
0.8958818958818959
0.8993238166791886
0.8878504672897196
0.9029051987767585
0.9068514241724404
0.8987052551408987
0.8878718535469108
0.9033742331288344
0.9033742331288344
0.8999236058059588
0.9109947643979057
0.9045801526717557
0.8915569326103796
0.898695318495779
0.9007633587786259
0.8947368421052632
0.890895410082769
0.8944530046224961
0.8944918541505043
0.9120545868081881
0.9018264840182648
0.8924485125858124
0.9081325301204819
0.9174867524602573
0.8932626797880394
0.8806682577565632
0.9046898638426626
0.8909229595728452
0.8942006269592476
0.8814352574102964
0.9076576576576577
0.9004491017964071
0.8862559241706162
0.9097222222222222
0.8954143201930812
0.8962623951182304
0.89272030651341
0.9019756838905775
0.8964174454828661
0.9149425287356322
0.9036237471087124
0.9103343465045592
0.8973966309341501
0.8955453149001537
0.9109062980030722
0.9106351550960118
0.9047261815453863
0.9100775193798449
0.9028094153378892
0.889584964761159
0.880248833592535
0.8850931677018633
0.8870099923136049
0.8910355486862442
0.9058641975308642
0.9039759939984996
0.8931297709923665
0.8947368421052632
0.8940092165898618
0.8914845516201959
0.8904942965779468
0.8972179289026275
0.8883572567783095
0.9066967644845748
0.8998435054773083
0.8973180076628352
0.9051204819277109
0.8999230177059276
0.9022556390977443
0.8968437259430331
0.8993808049535603
0.8976497346474602
0.9091597274791824
0.8901689708141322
0.8883720930232558
0.8971603990790483
0.897138437741686
0.8989280245022971
0.8925373134328358
0.9099848714069592
0.9083333333333333
0.8886328725038403
0.9123867069486404
0.9156626506024096
0.910581222056632
0.8797517455391777
0.8940448569218871
0.8900845503458877
0.9062736205593348
0.889315910837817
0.906369915579432
0.8921875
0.8847671665351223
0.8927231807951987
0.8959580838323353
0.8875968992248062
0.8900928792569659
0.9036144578313253
0.8882769472856019
0.9030492572322126
0.8888888888888888
0.9068181818181819
0.8829113924050633
0.9016768292682927
0.8964723926380368
0.8987635239567233
0.8997650743931088
0.8997005988023952
0.8938931297709923
0.9002320185614849
0.8983320095313742
0.9068702290076336
0.8923904688700999
0.8978046934140802
0.8850931677018633
0.8826728826728827
0.9094283593170007
0.9025875190258752
0.8945783132530121
0.8971471471471472
0.9062265566391597
0.9009360374414976
0.871517027863777
0.8984
0.9022900763358779
0.8869093725793958
0.917960088691796
0.9064856711915535
0.8932626797880394
0.9050112191473448
0.9033232628398792
0.90390625
0.8849693251533742
0.8910505836575876
0.9067669172932331
0.8911411411411412
0.8938589840788476
0.891996891996892
0.889751552795031
0.8877470355731225
0.9104024297646166
0.8808250572956455
0.8996983408748115
0.901386748844376
0.8810437452033768
0.903448275862069
0.9133383571966842
0.8970358814352574
0.9097801364670205
0.9037149355572404
0.8970588235294118
0.903177004538578
0.8947784810126582
0.9037593984962407
0.9081632653061225
0.9023646071700991
0.9057315233785822
0.883206106870229
0.8948580199539524
0.889937106918239
0.8829787234042553
0.9044394281414597
0.9107005388760585
0.8960359012715033
0.9024577572964669
0.8948562783661119
0.9071537290715372
0.900709219858156
0.8980694980694981
0.8946564885496183
0.8948170731707317
0.8921568627450981
0.9083204930662557
0.9041198501872659
0.9088803088803089
0.9031531531531531
0.9034220532319391
0.89117199391172
0.8918287937743191
0.8981623277182236
0.9142212189616253
0.8954996186117468
0.8968373493975904
0.8835725677830941
0.9055244195356285
0.9076809453471196
0.898473282442748
0.875
0.8958818958818959
0.8954996186117468
0.8875786163522013
0.9014404852160728
0.8937308868501529
0.8962121212121212
0.8895800933125972
0.8909657320872274
0.9081163859111792
0.8921417565485362
0.9004524886877828
0.9278273809523809
0.8985167837626854
0.8922841864018335
0.9036594473487677
0.895429899302866
0.9006772009029346
0.9025875190258752
0.8941267387944358
0.9081942336874052
0.9070121951219512
0.9037149355572404
0.9065561416729465
0.8913857677902621
0.9082706766917293
0.9056316590563166
0.9022556390977443
0.8912037037037037
0.89140625
0.9016018306636155
0.9007036747458952
0.9006772009029346
0.9073929961089494
0.9025133282559025
0.8908807482462977
0.9085457271364318
0.9065637065637066
0.9037433155080213
0.9108761329305136
0.9026819923371647
0.9028910303928837
0.9030256012412723
0.8954198473282443
0.8925556408288565
0.8950151057401813
0.8940548780487805
0.9009009009009009
0.91
0.8965250965250965
0.8829869130100076
0.8926681783824642
0.8978658536585366
0.9033742331288344
0.8908263836239575
0.9094368340943684
0.9090202177293935
0.8963650425367363
0.901386748844376
0.8928571428571429
0.9067796610169492
0.8938807126258714
0.9046153846153846
0.8969149736644093
0.9020061728395061
0.9100609756097561
0.8945281522601111
0.8903680501174628
0.9070487993803253
0.8879508825786646
0.8868360277136259
0.8871595330739299
0.9034267912772586
0.9037721324095458
0.8919753086419753
0.8964474678760394
0.9071322436849926
0.907185628742515
0.9021497405485545
0.89171974522293
0.8992307692307693
0.8817204301075269
0.9042056074766355
0.8908668730650154
0.8966049382716049
0.9021571648690293
0.9097014925373135
0.894457099468489
0.906785980611484
0.8978658536585366
0.9079620160701242
0.8765723270440252
0.9024390243902439
0.9035222052067381
0.8974751338944147
0.9083850931677019
0.9047987616099071
0.9011976047904192
0.9082774049217002
0.9015503875968992
0.9045801526717557
0.8956254796623178
0.9059633027522935
0.8913713405238829
0.8857808857808858
0.8929402637703646
0.9116981132075471
0.8961334344200151
0.8823076923076923
0.8901689708141322
0.9073634204275535
0.8976497346474602
0.8881118881118881
0.8964980544747082
0.8950191570881226
0.8951486697965572
0.9103915662650602
0.9148606811145511
0.8941798941798942
0.8984615384615384
0.8928571428571429
0.8909512761020881
0.8955572876071707
0.8805031446540881
0.8847040737893928
0.9081325301204819
0.898973954222573
0.889751552795031
0.9041411042944786
0.881619937694704
0.9051204819277109
0.8837772397094431
0.9002267573696145
0.8828064764841943
0.9055425448868072
0.8981900452488688
0.899390243902439
0.8953399541634836
0.8836477987421384
0.8882938026013772
0.8999230177059276
0.8987730061349694
0.901702786377709
0.8903274942878904
0.9052711993888465
0.8939051918735892
0.8969790859798605
0.8819826907946499
0.8923664122137405
0.8970588235294118
0.9027882441597589
0.8931657501963864
0.8950320512820513
0.8988416988416988
0.8951798010711554
0.9042879019908117
0.8897700237906423
0.8845855925639039
0.8922841864018335
0.8996168582375479
0.8969230769230769
0.9121771217712177
0.8947772657450077
0.901386748844376
0.9047256097560976
0.8839563862928349
0.9219219219219219
0.9050535987748851
0.8989520958083832
0.898021308980213
0.9050925925925926
0.9121370067014147
0.8776142525174283
0.8877630553390491
0.8994708994708994
0.8916601714731099
0.8848249027237354
0.8841940532081377
0.8856259659969088
0.9034220532319391
0.8944530046224961
0.9036144578313253
0.8911042944785276
0.9080118694362018
0.8906372934697089
0.8910891089108911
0.9001536098310292
0.9134466769706336
0.9165390505359877
0.9071537290715372
0.9063214013709063
0.8934865900383142
0.9017651573292402
0.8948616600790514
0.9110266159695818
0.8900928792569659
0.8967889908256881
0.8924395946999221
0.8948598130841121
0.9052167523879501
0.8931297709923665
0.8950233281493002
0.9002302379125096
0.9070464767616192
0.8986175115207373
0.8773006134969326
0.9009679821295606
0.8931008339651251
0.8852713178294573
0.8971603990790483
0.8925233644859814
0.890282131661442
0.9046563192904656
0.9014514896867838
0.891271056661562
0.9132770529547198
0.8966061562746646
0.8985849056603774
0.906441717791411
0.8970023059185243
0.8903474903474904
0.9146153846153846
0.90527950310559
0.9154716981132075
0.9009584664536742
0.8977272727272727
0.9067990832696715
0.8977099236641222
0.8920585967617579
0.9139784946236559
0.8923802042419482
0.8919342208300705
0.8992481203007519
0.9049401197604791
0.8980061349693251
0.889584964761159
0.8900523560209425
0.8914549653579676
0.901854714064915
0.8928012519561815
0.8948598130841121
0.9012158054711246
0.8983580922595777
0.9050925925925926
0.9033485540334856
0.8922841864018335
0.9025326170376056
0.901300688599847
0.9060092449922958
0.8934240362811792
0.9033742331288344
0.9020346646571213
0.9061784897025171
0.9093799682034976
0.9014740108611327
0.9125188536953243
0.9115442278860569
0.9063670411985019
0.9024390243902439
0.893455098934551
0.8983308042488619
0.9006982156710628
0.8839694656488549
0.8979591836734694
0.9104820198928845
0.9039634146341463
0.906055900621118
0.8986280487804879
0.9061068702290076
0.9095704596834966
0.908739365815932
0.8788819875776398
0.8932714617169374
0.8850308641975309
0.8959810874704491
0.8970698722764838
0.9049056603773585
0.8847962382445141
0.899236641221374
0.889315910837817
0.8978790259230165
0.8950233281493002
0.8906624102154829
0.8919342208300705
0.9079754601226994
0.8917647058823529
0.9068702290076336
0.8960739030023095
0.8906009244992296
0.8991596638655462
0.908307210031348
0.8917050691244239
0.8870099923136049
0.8750988142292491
0.8839907192575406
0.9085979860573199
0.9004524886877828
0.891640866873065
0.8980694980694981
0.88671875
0.9012908124525436
0.8999236058059588
0.8934865900383142
0.9041604754829123
0.8834645669291339
0.8917647058823529
0.9096385542168675
0.9016018306636155
0.8893188854489165
0.9029051987767585
0.9162182936202921
0.9088785046728972
0.9023290758827949
0.8989197530864198
0.906441717791411
0.8999253174010455
0.9027237354085603
0.8923904688700999
0.8920585967617579
0.9071698113207547
0.9058641975308642
0.9095057034220533
0.8990129081245254
0.9044394281414597
0.898561695685087
0.8968373493975904
0.9026217228464419
0.9114114114114115
0.8900928792569659
0.8978494623655914
0.9038031319910514
0.9007692307692308
0.8969790859798605
0.8971603990790483
0.8842845973416732
0.8937644341801386
0.8995398773006135
0.8990895295902883
0.9090909090909091
0.89117199391172
0.8914549653579676
0.9025679758308157
0.9026615969581749
0.8972033257747544
0.8963691376701967
0.8956916099773242
0.9129129129129129
0.8875192604006163
0.9053117782909931
0.8993135011441648
0.9017295597484277
0.8967100229533282
0.9046563192904656
0.9008
0.8747099767981439
0.9076803723816912
0.8998447204968945
0.8963079340141398
0.9122938530734632
0.9099099099099099
0.9030803906836965
0.8974158183241974
0.8790007806401249
0.8904428904428905
0.9
0.905476369092273
0.9102760736196319
0.8975535168195719
0.9035418236623964
0.8855140186915887
0.9084027252081757
0.9072948328267477
0.8973966309341501
0.8983833718244804
0.914759273875296
0.8920152091254753
0.8973384030418251
0.8995502248875562
0.8861538461538462
0.8994586233565351
0.8944487881157154
0.8951048951048951
0.9015151515151515
0.9030075187969925
0.9025326170376056
0.9047619047619048
0.8972602739726028
0.8889739663093414
0.8835774865073246
0.8994748687171793
0.9129770992366413
0.906392694063927
0.8872472783825817
0.9053747161241483
0.9032501889644747
0.908179012345679
0.8891491022638564
0.9047256097560976
0.8861154446177847
0.9083204930662557
0.891640866873065
0.9076212471131639
0.9032017870439315
0.898561695685087
0.8775193798449612
0.8999230177059276
0.890272373540856
0.9039039039039038
0.8964204112718964
0.8847352024922118
0.9039039039039038
0.8970023059185243
0.9052466718872357
0.8954402515723271
0.9076576576576577
0.9062265566391597
0.9003861003861003
0.8996168582375479
0.8945783132530121
0.8972033257747544
0.9099601593625498
0.8951048951048951
0.8878718535469108
0.8923556942277691
0.8994627782041443
0.8966327329678935
0.8936006168080185
0.9124528301886793
0.898981989036805
0.9031037093111279
0.8960244648318043
0.8951426368542791
0.8828483920367535
0.891912320483749
0.8964723926380368
0.9098422238918107
0.8952164009111617
0.9001560062402496
0.9087332808811959
0.8919129082426127
0.897025171624714
0.8951486697965572
0.9055891238670695
0.8928301886792452
0.8973354231974922
0.8808608762490392
0.9140445126630852
0.9031037093111279
0.8935508935508936
0.9105628373168851
0.8951104100946372
0.881619937694704
0.9129447388342165
0.8955916473317865
0.8964723926380368
0.9011494252873563
0.8971684053651267
0.9139865370231862
0.8925304878048781
0.8969230769230769
0.8995433789954338
0.911969111969112
0.9012908124525436
0.88828125
0.8905891354246366
0.8996865203761756
0.900523560209424
0.8919540229885058
0.8816705336426914
0.8996889580093312
0.9033000767459708
0.8958652373660031
0.8917682926829268
0.8985074626865671
0.9054878048780488
0.9001524390243902
0.8880426504188881
0.9054573405073021
0.9002217294900222
0.8930197268588771
0.8937784522003035
0.884375
0.8908531898539584
0.8942161339421614
0.9092307692307692
0.9103448275862069
0.8998482549317147
0.9107551487414187
0.9047981721249048
0.9093023255813953
0.8882896764252697
0.8835249042145594
0.8993186979560939
0.8989113530326595
0.8920634920634921
0.8964174454828661
0.9061317183951552
0.9019316493313522
0.8907103825136612
0.900990099009901
0.8893280632411067
0.8881064162754304
0.8932411674347158
0.9002998500749625
0.9029126213592233
0.9084084084084084
0.9079903147699758
0.8942383583267561
0.906832298136646
0.8934865900383142
0.8890612878200155
0.8902439024390244
0.8823529411764706
0.9037433155080213
0.9175654853620955
0.9068471337579618
0.9015897047691143
0.9099167297501892
0.8935185185185185
0.9023290758827949
0.8951863354037267
0.8943338437978561
0.9057915057915058
0.8874901652242329
0.9032749428789033
0.9006069802731411
0.8952676493405741
0.9045031055900621
0.8985507246376812
0.8950617283950617
0.882262996941896
0.8921644685802949
0.8993186979560939
0.8992
0.9065974796145293
0.9058192955589587
0.9011583011583012
0.8957055214723927
0.9045771916214119
0.8892331525948877
0.8847641144624904
0.9090909090909091
0.9010574018126888
0.9043348281016442
0.9027673896783844
0.9076005961251863
0.9203869047619048
0.8946553059643687
0.9065420560747663
0.9022324865280985
0.9068369646882044
0.8992974238875878
0.8949019607843137
0.9081866870696251
0.901018922852984
0.9096431283219438
0.9031296572280179
0.9076923076923077
0.9009077155824509
0.9043348281016442
0.8907563025210085
0.8823529411764706
0.883921568627451
0.9
0.9016393442622951
0.8997005988023952
0.8849144634525661
0.8953846153846153
0.89765625
0.9088855421686747
0.897770945426595
0.8946171341925702
0.8953752843062927
0.88671875
0.9049079754601227
0.9023076923076923
0.8962787015043547
0.8891419893697798
0.9013761467889908
0.9022324865280985
0.9139123750960799
0.9123204837490552
0.9087423312883436
0.9032258064516129
0.8920807453416149
0.8981042654028436
0.9076212471131639
0.8893188854489165
0.9035687167805618
0.9033962264150943
0.8941717791411042
0.89375
0.8894817073170732
0.8842519685039371
0.9037721324095458
0.9040785498489426
0.8903122497998399
0.89749430523918
0.9009976976208749
0.8983433734939759
0.8985395849346657
0.9061032863849765
0.8893129770992366
0.8940092165898618
0.9021143304620204
0.9054054054054054
0.9102661596958175
0.8865248226950354
0.896969696969697
0.8928571428571429
0.9022498060512025
0.9009216589861752
0.912490650710546
0.8991660348749052
0.8880484114977307
0.8995502248875562
0.8969790859798605
0.90067214339059
0.9024205748865356
0.8945371775417299
0.8841033672670321
0.9017295597484277
0.8920367534456355
0.9109947643979057
0.9078446306169079
0.9237875288683602
0.8947772657450077
0.8775193798449612
0.9221466364323507
0.9098360655737705
0.8935361216730038
0.9019157088122606
0.8943338437978561
0.8876669285153181
0.9114307342922029
0.8910812943962115
0.8938589840788476
0.8984848484848484
0.8929663608562691
0.89453125
0.9094368340943684
0.8976744186046511
0.8922018348623854
0.889944576405384
0.9025157232704403
0.896124031007752
0.8914549653579676
