0.837410071942446
0.8274147727272727
0.8132183908045977
0.8157335223245925
0.8644428672817601
0.8589652728561304
0.8375451263537906
0.8473227206946454
0.8691922802001429
0.8568376068376068
0.8447909284195606
0.8702397743300423
0.8448398576512456
0.8354885057471264
0.858273381294964
0.8379928315412186
0.8248017303532804
0.8604982206405694
0.8500707213578501
0.8265813788201848
0.84251968503937
0.8529411764705882
0.8181818181818182
0.8249641319942611
0.8705293276108726
0.8593861527480371
0.8135349172066235
0.8453900709219858
0.8480921526277898
0.8327402135231317
0.8187134502923976
0.8627034677990092
0.8683651804670913
0.8346344925479063
0.8265602322206096
0.8502139800285307
0.8385003604902668
0.8559201141226819
0.8553008595988538
0.8241678726483358
0.829250720461095
0.8468146027201146
0.8548963545389564
0.8504335260115607
0.8241134751773049
0.8351177730192719
0.8319209039548022
0.8353702372393961
0.8298181818181818
0.8384057971014492
0.822429906542056
0.8168709444844989
0.856638418079096
0.8746438746438746
0.8333333333333334
0.8497519489723601
0.855
0.84363894811656
0.8266761768901569
0.836587129428778
0.8326118326118326
0.8553008595988538
0.85
0.8371592539454806
0.8705799151343706
0.8775948460987831
0.8448892065761258
0.8491379310344828
0.8398236590742102
0.8600143575017947
0.8406515580736544
0.836676217765043
0.8228862973760933
0.8323741007194244
0.8516678495386799
0.8435916002896452
0.8268115942028985
0.8462633451957295
0.8523537803138374
0.8423326133909287
0.8783592644978784
0.8113069016152716
0.8513998564249821
0.8451704545454546
0.8344039971448965
0.8773049645390071
0.8321428571428572
0.8262436914203316
0.8401142041399001
0.8443804034582133
0.8481192334989354
0.8220461095100865
0.8189655172413793
0.828080229226361
0.8492176386913229
0.8294243070362474
0.8431232091690545
0.8379928315412186
0.8291093410572049
0.8456568557071069
0.8420300214438885
0.8149492017416545
0.8370264474624732
0.8439059158945118
0.8249468462083629
0.8477633477633477
0.8369252873563219
0.8100803506208911
0.8595624558927312
0.8338150289017341
0.8476257973068746
0.826992103374013
0.8388017118402282
0.8382247673586256
0.8241678726483358
0.8178519593613933
0.8309557774607703
0.8220946915351507
0.8490566037735849
0.8380480905233381
0.8186453022578296
0.8611111111111112
0.8595866001425517
0.8295454545454546
0.8393632416787264
0.839568345323741
0.823953823953824
0.8550932568149211
0.8302158273381295
0.8241678726483358
0.8134601316752011
0.8454481298517996
0.8253275109170306
0.8367931281317108
0.8352685050798259
0.8157142857142857
0.8252148997134671
0.8252148997134671
0.8452722063037249
0.8565248738284066
0.8597733711048159
0.8237822349570201
0.8433734939759037
0.8198983297022513
0.8377224199288256
0.8611698379140239
0.8316473988439307
0.8463187991422445
0.8554913294797688
0.8456090651558074
0.8500360490266763
0.8391708363116511
0.8367931281317108
0.8253400143163923
0.8439971243709562
0.8394004282655246
0.8327376697641172
0.8404332129963898
0.8233597692862292
0.8055555555555556
0.8545845272206304
0.8330945558739254
0.8055152394775036
0.8439059158945118
0.8404952658412236
0.832258064516129
0.8427853553481695
0.8413496051687006
0.8455459770114943
0.8320115356885364
0.8524822695035461
0.8658623136976579
0.8329779673063256
0.8531518624641834
0.8401727861771058
0.8233618233618234
0.8584571832979476
0.8341531974701335
0.8349090909090909
0.833570412517781
0.8524355300859598
0.8399710354815351
0.8276856524873828
0.8130909090909091
0.8194842406876791
0.8360539389638041
0.8690050107372942
0.8110867979576951
0.8297258297258298
0.8542999289267946
0.853448275862069
0.8419170243204578
0.830945558739255
0.8497150997150997
0.8387096774193549
0.8439513242662849
0.839942321557318
0.8472622478386167
0.855
0.8315412186379928
0.8592857142857143
0.8760623229461756
0.8313080771979986
0.8596993557623479
0.8348754448398576
0.8472519628836546
0.8553956834532375
0.8302023121387283
0.8400868306801736
0.8592057761732852
0.8102345415778252
0.8206245461147422
0.8573487031700289
0.818830242510699
0.8322672352523098
0.8604815864022662
0.8541516245487365
0.855595667870036
0.8257411424439624
0.8298485940879596
0.8505338078291815
0.8585714285714285
0.8455459770114943
0.8350071736011477
0.8370106761565836
0.8321325648414986
0.8424414478353442
0.8693181818181818
0.8551971326164874
0.8495702005730659
0.8302292263610315
0.8463203463203464
0.8288614938361131
0.8696883852691218
0.8315488936473947
0.8292682926829268
0.8503207412687099
0.8477951635846372
0.8490974729241877
0.8627311522048364
0.8283045977011494
0.8501420454545454
0.853589196872779
0.8567355666429081
0.8547807332854062
0.8488538681948424
0.8540618260244428
0.8202328966521106
0.8408927285817135
0.8378378378378378
0.8436599423631124
0.8296028880866426
0.8489208633093526
0.812723373838456
0.8422939068100358
0.8398268398268398
0.8345272206303725
0.8493150684931506
0.8571428571428571
0.837473385379702
0.8399138549892319
0.8517985611510791
0.8316473988439307
0.8233597692862292
0.828080229226361
0.8452803406671399
0.836587129428778
0.8591749644381224
0.8448892065761258
0.8346513299784328
0.8500355366027008
0.8284066330209084
0.8255227108868061
0.836587129428778
0.8626334519572953
0.8389647735442128
0.8307254623044097
0.8588912886969042
0.8586956521739131
0.8264642082429501
0.8180494905385735
0.809143686502177
0.857653791130186
0.8560171919770774
0.8530670470756063
0.8298022598870056
0.8448398576512456
0.823060188542422
0.8524118070554355
0.8686652391149179
0.8448892065761258
0.8406633020908435
0.8316400580551524
0.8206599713055954
0.8259927797833935
0.8344086021505376
0.8370264474624732
0.834054834054834
0.8274368231046931
0.8152408339324227
0.8286537077033838
0.8279103398409255
0.8324982104509664
0.8467100506146059
0.8522238163558106
0.8302158273381295
0.8406113537117904
0.8320284697508897
0.8427448177269479
0.8472622478386167
0.8221258134490239
0.8384341637010676
0.8414720452937013
0.8296349319971367
0.8242556281771968
0.8432782171099928
0.8359826589595376
0.8186416184971098
0.8425593098490295
0.8599857853589197
0.8404255319148937
0.8218181818181818
0.8303507516105941
0.8394004282655246
0.8543758967001435
0.8511396011396012
0.8432355046528275
0.8067528735632183
0.8577586206896551
0.8214032600992204
0.8409415121255349
0.8335745296671491
0.8486795146324054
0.8288159771754636
0.8471014492753624
0.8359941944847605
0.8550106609808102
0.8420679886685553
0.8635394456289979
0.8322534197264219
0.83
0.8348887293610912
0.832258064516129
0.8341818181818181
0.8505747126436781
0.8444767441860465
0.8417630057803468
0.8577586206896551
0.8439513242662849
0.8339376359680928
0.8754349338900487
0.8557071069633884
0.8231884057971014
0.8187772925764192
0.8581713462922966
0.8573456352022711
0.8133140376266281
0.8593639575971731
0.8157142857142857
0.835361488904796
0.8386396526772794
0.829041487839771
0.8365591397849462
0.841541755888651
0.8250180766449747
0.8076923076923077
0.8590747330960854
0.8348820586132952
0.8256150506512301
0.8385714285714285
0.8067104303428154
0.8589562764456982
0.8574498567335244
0.8327376697641172
0.8525179856115108
0.8321428571428572
0.8351254480286738
0.827536231884058
0.836940836940837
0.8568345323741007
0.8523054755043228
0.8359712230215828
0.8496778811739442
0.8621908127208481
0.8188976377952756
0.8283261802575107
0.8506075768406004
0.846820809248555
0.8402826855123675
0.8439716312056738
0.8284697508896797
0.8430525557955364
0.8303886925795053
0.8076368876080692
0.8595988538681948
0.8359712230215828
0.8499641062455133
0.8431931575196009
0.8483985765124555
0.8386396526772794
0.8096264367816092
0.840057636887608
0.840958605664488
0.825164594001463
0.8253968253968254
0.850179211469534
0.8623655913978494
0.8632175761871014
0.8427046263345196
0.8312993539124193
0.8571428571428571
0.8455516014234875
0.8345534407027818
0.8273894436519258
0.8365591397849462
0.8547008547008547
0.8539727988546886
0.8206599713055954
0.841541755888651
0.8340579710144927
0.8376623376623377
0.8398550724637681
0.8090050835148874
0.8396892655367232
0.8422555317630264
0.8487031700288185
0.8470839260312945
0.8492063492063492
0.8391959798994975
0.8322672352523098
0.8484195402298851
0.8493248045486852
0.8526912181303116
0.8447782546494993
0.8477951635846372
0.8335714285714285
0.8532374100719424
0.8565310492505354
0.8581610833927299
0.8427046263345196
0.8551873198847262
0.8657670454545454
0.8454996456413891
0.8246241947029349
0.8320115356885364
0.879066478076379
0.8277616279069767
0.8660014255167499
0.8351254480286738
0.8563300142247511
0.8302556818181818
0.8765867418899859
0.818830242510699
0.8469827586206896
0.8415697674418605
0.8392213410237923
0.851506456241033
0.845821325648415
0.8508208422555318
0.8615717375630858
0.8132660418168709
0.8410071942446044
0.8522483940042827
0.8067940552016986
0.8322534197264219
0.8342939481268011
0.8271428571428572
0.8557071069633884
0.8317757009345794
0.8423680456490727
0.809593023255814
0.8424460431654677
0.8340486409155937
0.8190271816881259
0.8460987831066571
0.8328509406657019
0.8488952245188881
0.8501440922190202
0.8514285714285714
0.8451704545454546
0.8551971326164874
0.8387329013678906
0.8215560314061384
0.8414545454545455
0.8332114118507681
0.8244604316546763
0.8159203980099502
0.842067480258435
0.8569395017793594
0.8525411596277738
0.8316473988439307
0.8322392414296135
0.8341744772891132
0.830791575889615
0.836101083032491
0.8210227272727273
0.8107142857142857
0.8304721030042919
0.8524590163934426
0.8459869848156182
0.8486370157819225
0.8367052023121387
0.8355072463768116
0.8230659025787965
0.8421797593772116
0.8117732558139535
0.8143669985775249
0.8556187766714083
0.823445318084346
0.8444444444444444
0.8648068669527897
0.82689556509299
0.8432782171099928
0.8294964028776979
0.8391459074733096
0.8407460545193687
0.8240405503258509
0.828693790149893
0.832729905865315
0.828080229226361
0.8317890235210263
0.8204022988505747
0.8611898016997167
0.8564285714285714
0.8538681948424068
0.8067772170151406
0.852198990627253
0.8353879622915156
0.8205499276410999
0.8251798561151079
0.8095582910934106
0.8209700427960057
0.8346513299784328
0.8459900638750887
0.8448773448773449
0.8491103202846975
0.8425531914893617
0.8204022988505747
0.8571428571428571
0.8336917562724014
0.8285714285714286
0.8434596140100071
0.8505007153075823
0.8481561822125814
0.8551236749116607
0.8353442157558553
0.8443968593861527
0.8315488936473947
0.8422555317630264
0.8381294964028777
0.8582565556343019
0.8287135749822317
0.8351568198395332
0.8731290092658589
0.8515625
0.8042857142857143
0.8463187991422445
0.8289379900213828
0.8585572842998586
0.8338171262699564
0.8271872740419378
0.84992784992785
0.8339272986457591
0.8224767358625626
0.844950213371266
0.8199566160520607
0.8444444444444444
0.8456040028591851
0.8660084626234132
0.8544034090909091
0.8435032304379038
0.8542857142857143
0.8397988505747126
0.8275862068965517
0.8289000718907261
0.835820895522388
0.8265232974910395
0.8345272206303725
0.8567314614830813
0.852198990627253
0.8398268398268398
0.8523297491039427
0.8494623655913979
0.83464005702067
0.8410740203193033
0.8202166064981949
0.8557071069633884
0.8216332378223495
0.8393632416787264
0.7954055994256999
0.8388017118402282
0.8387096774193549
0.8240343347639485
0.8302425106990015
0.84620886981402
0.860768672951414
0.8241206030150754
0.8502865329512894
0.8431511710432931
0.8378378378378378
0.8475304223335719
0.8106551475881929
0.8382671480144405
0.8458244111349036
0.8479033404406539
0.835
0.851457000710732
0.8393489030431706
0.8339324227174695
0.8592750533049041
0.8217677136596055
0.8199566160520607
0.8218594748048261
0.8438177874186551
0.8488372093023255
0.8405693950177936
0.835361488904796
0.8202898550724638
0.8420300214438885
0.8279569892473119
0.8579505300353357
0.826647564469914
0.8513223731236598
0.8470839260312945
0.8502484031227822
0.8382137628111274
0.8276877761413843
0.8419540229885057
0.8648648648648649
0.8205499276410999
0.839568345323741
0.8433908045977011
0.8159597411933861
0.8405483405483406
0.8373751783166904
0.8070692194403535
0.8429811866859623
0.8256227758007118
0.8258386866523911
0.836940836940837
0.8391211906449326
0.8174486803519062
0.8245105148658448
0.8177874186550976
0.8432782171099928
0.8552164655784245
0.8405386250885897
0.8480565371024735
0.8328591749644382
0.8608942512420156
0.8524355300859598
0.8413940256045519
0.8424460431654677
0.857448325017819
0.8604815864022662
0.8443804034582133
0.8385228095582911
0.8262108262108262
0.8480286738351255
0.8330935251798561
0.8464311463590483
0.8249110320284697
0.8312816799420709
0.8326271186440678
0.8424460431654677
0.8456614509246089
0.8168604651162791
0.8216606498194946
0.8280907095830286
0.8323699421965318
0.8585786073223259
0.8351101634683724
0.8287769784172662
0.8282387190684134
0.8302852962692027
0.8597733711048159
0.8236559139784946
0.8303378864126527
0.8256227758007118
0.8396564065855404
0.8272401433691756
0.825
0.8348559381588194
0.8329764453961456
0.8702508960573476
0.851109520400859
0.8213256484149856
0.823021582733813
0.8377412437455325
0.8414192614047792
0.8424855491329479
0.8296349319971367
0.8427128427128427
0.835361488904796
0.8628158844765343
0.856839121190645
0.8162083936324168
0.8515625
0.8545067423704755
0.8368231046931408
0.8664772727272727
0.8333333333333334
0.8551336146272855
0.8497109826589595
0.8523054755043228
0.8190271816881259
0.8555240793201133
0.8408769448373409
0.8218884120171673
0.8230659025787965
0.8421818181818181
0.8339350180505415
0.8410548823948681
0.8398550724637681
0.8214542836573074
0.8195542774982028
0.830298616168973
0.8293736501079914
0.8333333333333334
0.8418404025880661
0.8362068965517241
0.8364285714285714
0.8428571428571429
0.8286537077033838
0.8351331893448524
0.8364963503649635
0.8391708363116511
0.8112509252405625
0.8217893217893217
0.8629550321199143
0.810966810966811
0.8442211055276382
0.8247863247863247
0.8352353780313837
0.8235714285714286
0.802725968436155
0.8254887762490949
0.8308243727598567
0.8454996456413891
0.8321273516642547
0.8502519798416127
0.84620886981402
0.8342898134863702
0.8594864479315264
0.8286334056399133
0.8545716342692584
0.8484631879914224
0.8306165839829908
0.833454018826937
0.8418803418803419
0.8534850640113798
0.8394004282655246
0.8499641062455133
0.8613295210864903
0.8286129266521424
0.8308351177730193
0.851878612716763
0.8397435897435898
0.8299856527977044
0.8627034677990092
0.8260553129548762
0.8568345323741007
0.8401142041399001
0.8488120950323974
0.8422190201729106
0.8522238163558106
0.8177159590043924
0.8379928315412186
0.8404025880661394
0.8613086770981507
0.8617478510028653
0.8315334773218143
0.8477483917083631
0.8179190751445087
0.8442211055276382
0.8592750533049041
0.8439059158945118
0.832378223495702
0.8530259365994236
0.8374277456647399
0.8452123830093593
0.823060188542422
0.8315488936473947
0.848334514528703
0.8387096774193549
0.8385228095582911
0.8282252316464719
0.8317689530685921
0.8292151162790697
0.8409893992932862
0.8516678495386799
0.8573466476462197
0.8505338078291815
0.835626357711803
0.8488289567068843
0.8450502152080345
0.8431095406360424
0.830376153300213
0.8283045977011494
0.8556111508220158
0.8396836808051761
0.8360655737704918
0.8400286944045912
0.8452296819787986
0.8366197183098592
0.8534850640113798
0.867237687366167
0.8226848528356066
0.8678038379530917
0.857245337159254
0.8288419519300801
0.822463768115942
0.8663823738450604
0.8382247673586256
0.8600143575017947
0.8441281138790035
0.8467569493941554
0.8570407433881344
0.8680310515172901
0.8393113342898135
0.8402024584237165
0.8341672623302359
0.8620199146514936
0.8486140724946695
0.8445408532176428
0.8251445086705202
0.8423680456490727
0.8219971056439942
0.8156748911465893
0.8262773722627738
0.8389166072701354
0.8315256688358641
0.8264642082429501
0.8555160142348754
0.8512635379061372
0.8540772532188842
0.8619698058950396
0.8204577968526466
0.8564285714285714
0.846045197740113
0.8336948662328272
0.8227206946454414
0.8481824661439772
0.8556998556998557
0.8460461861441567
0.8395953757225434
0.8332135154565061
0.8493248045486852
0.8280575539568346
0.8392469225199131
0.8350071736011477
0.8391708363116511
0.8223021582733813
0.8351177730192719
0.8597864768683274
0.8328530259365994
0.8239130434782609
0.8360655737704918
0.8566308243727598
0.8223495702005731
0.8487698986975398
0.8436154949784792
0.8202166064981949
0.8386167146974063
0.8262436914203316
0.8486140724946695
0.8551034975017845
0.8413152251608291
0.8498194945848375
0.833092485549133
0.8226848528356066
0.8548042704626334
0.8544034090909091
0.8070554355651548
0.8518518518518519
0.8716119828815977
0.8686868686868687
0.8475916606757729
0.8380884450784594
0.8533807829181494
0.8481375358166189
0.8373751783166904
0.8306686046511628
0.8374277456647399
0.8459323254139669
0.852037169406719
0.8348820586132952
0.853988603988604
0.8333333333333334
0.8396564065855404
0.8438395415472779
0.8418772563176895
0.8254310344827587
0.8196363636363636
0.8401727861771058
0.8456040028591851
0.8573456352022711
0.8390804597701149
0.8344179320318149
0.835243553008596
0.8500717360114778
0.8225923244026068
0.8439513242662849
0.8524822695035461
0.8593639575971731
0.8175287356321839
0.8196958725561188
0.8388037928519329
0.832732516222062
0.8313868613138686
0.8350217076700435
0.8365453247680228
0.8704626334519573
0.8323741007194244
0.8550829127613554
0.8251445086705202
0.8528995756718529
0.811265544989027
0.8346456692913385
0.8151862464183381
0.8466476462196861
0.8406951484431572
0.8610315186246418
0.8342939481268011
0.8256150506512301
0.8578571428571429
0.8457142857142858
0.8341708542713567
0.8637005649717514
0.8401433691756273
0.8286334056399133
0.8335734870317003
0.8316473988439307
0.8515346181299072
0.8226495726495726
0.8014336917562724
0.8493150684931506
0.8336933045356372
0.8369883040935673
0.8460982658959537
0.8192857142857143
0.8369565217391305
0.819233550253073
0.82319255547602
0.8150537634408602
0.83886925795053
0.8213523131672598
0.8526240115025162
0.8360891445003594
0.8301886792452831
0.8445229681978799
0.8469827586206896
0.8443328550932568
0.8533145275035261
0.8264342774146696
0.819364161849711
0.8228941684665226
0.8457142857142858
0.8410404624277457
0.8464849354375896
0.8284066330209084
0.8368080517613228
0.8275613275613276
0.8690050107372942
0.8368080517613228
0.8574468085106383
0.8336964415395788
0.8154848046309696
0.8370264474624732
0.8442389758179232
0.8457142857142858
0.8224767358625626
0.8467048710601719
0.8656716417910447
0.8311688311688312
0.8211968276856525
0.854493580599144
0.8502519798416127
0.8395061728395061
0.8659498207885304
0.8429811866859623
0.8552164655784245
0.8380681818181818
0.8387329013678906
0.8180515759312321
0.857245337159254
0.86
0.8473227206946454
0.8436599423631124
0.8238267148014441
0.8554913294797688
0.8522483940042827
0.8290909090909091
0.8377412437455325
0.8333333333333334
0.8355968548963545
0.8635714285714285
0.8708065667380442
0.8206599713055954
0.8188976377952756
0.8463726884779517
0.8380332610267535
0.8096960926193922
0.8198133524766691
0.8126377663482733
0.8517995765702188
0.8800567778566359
0.8254310344827587
0.853988603988604
0.8360891445003594
0.8439513242662849
0.8218390804597702
0.8241678726483358
0.8370106761565836
0.853763440860215
0.8128612716763006
0.8412698412698413
0.8567355666429081
0.8469241773962805
0.841304347826087
0.8390804597701149
0.833810888252149
0.8553956834532375
0.8402323892519971
0.8510791366906475
0.8188353702372394
0.8402625820568927
0.8413842826243692
0.8277858176555717
0.8604815864022662
0.8397435897435898
0.8526466380543634
0.8261504747991234
0.821273516642547
0.834051724137931
0.8445706174591909
0.8137535816618912
0.8279036827195467
0.834051724137931
0.8680851063829788
0.8559322033898306
0.8291457286432161
0.8089401586157173
0.8624113475177305
0.788712011577424
0.8278097982708934
0.8410071942446044
0.839541547277937
0.8169219547775346
0.8479827089337176
0.827485380116959
0.8344086021505376
0.81915654038599
0.8654390934844193
0.8521428571428571
0.818705035971223
0.8413842826243692
0.8492063492063492
0.8369565217391305
0.8425593098490295
0.8315488936473947
0.827734095782702
0.8236994219653179
0.8426647767540751
0.8415770609318997
0.8686288585786073
0.8258345428156749
0.834051724137931
0.8357245337159254
0.8376811594202899
0.8477337110481586
0.8682719546742209
0.8446671438797423
0.8348754448398576
0.8606965174129353
0.8083273510409189
0.8339298496778812
0.8426647767540751
0.835243553008596
0.835361488904796
0.8373275236020334
0.8457142857142858
0.8413842826243692
0.8002873563218391
0.8430525557955364
0.85
0.8165337200870196
0.8283475783475783
0.8316546762589928
0.8557142857142858
0.8270893371757925
0.8381831085876508
0.8395149786019972
0.8249110320284697
0.8401142041399001
0.8569395017793594
0.8421052631578947
0.8502109704641351
0.8424414478353442
0.8458781362007168
0.8327376697641172
0.8381374722838137
0.8200716845878137
0.8554216867469879
0.8350217076700435
0.8786373314407381
0.8307142857142857
0.8578571428571429
0.8190954773869347
0.8314285714285714
0.8690728945506015
0.8266860043509789
0.8388017118402282
0.8573466476462197
0.8638968481375359
0.8406827880512091
0.8510028653295129
0.8347639484978541
0.8463219227967953
0.8432080924855492
0.8402024584237165
0.8560171919770774
0.834045584045584
0.8227305218012866
0.8410548823948681
0.8371592539454806
0.8523297491039427
0.8223826714801444
0.8283045977011494
0.8376623376623377
0.8569384835479256
0.8359486447931527
0.8416547788873039
0.828693790149893
0.8444130127298444
0.8339298496778812
0.8439306358381503
0.851457000710732
0.8600706713780919
0.8479196556671449
0.8385939741750359
0.8527298850574713
0.8562231759656652
0.8484195402298851
0.854004252303331
0.830703012912482
0.8370423546302943
0.8314285714285714
0.8611698379140239
0.854004252303331
0.8289000718907261
0.8252707581227436
0.8212250712250713
0.8522483940042827
0.8574468085106383
0.8521428571428571
0.833092485549133
0.8278335724533716
0.8341708542713567
0.85177304964539
0.8497854077253219
0.839942321557318
0.8432355046528275
0.8325088339222615
0.8453314326443335
0.8342939481268011
0.8247496423462088
0.8531717747683535
0.821917808219178
0.8441744102930665
0.8366477272727273
0.8422555317630264
0.8447024673439768
0.8396293656450463
0.8402282453637661
0.8426323319027181
0.8601694915254238
0.8470335954253038
0.8322487346348517
0.8400286944045912
0.8392603129445235
0.8414634146341463
0.8530259365994236
0.8388728323699421
0.836113125453227
0.8483779971791255
0.8488538681948424
0.8387096774193549
0.8595866001425517
0.8565371024734982
0.8513708513708513
0.8098024871982443
0.8482269503546099
0.8439306358381503
0.8310269482884195
0.8248175182481752
0.8611111111111112
0.8598999285203717
0.8124547429398986
0.8397435897435898
0.8041907514450867
0.8392857142857143
0.8417630057803468
0.8454415954415955
0.8274622573687994
0.8462083628632175
0.8401433691756273
0.8472418670438473
0.8413496051687006
0.8394528437724982
0.839943342776204
0.8726114649681529
0.8595866001425517
0.8332150461320085
0.8486795146324054
0.8184438040345822
0.8220769789397241
0.8254887762490949
0.8326118326118326
0.8324909747292418
0.8355871886120997
0.853399433427762
0.8429394812680115
0.828080229226361
0.8350071736011477
0.8516918646508279
0.8460982658959537
0.8352517985611511
0.8025936599423631
0.8594864479315264
0.8214285714285714
0.839426523297491
0.8555160142348754
0.8416126709863211
0.8589835361488904
0.83632447954056
0.8347701149425287
0.8481375358166189
0.85177304964539
0.8374277456647399
0.8304347826086956
0.835
0.8321377331420373
0.8421807747489239
0.8610511159107271
0.8501766784452297
0.8533807829181494
0.8377986965966691
0.8610121168923734
0.8569415081042988
0.8642149929278642
0.8247272727272728
0.8328530259365994
0.8324946081955428
0.852773826458037
0.8323741007194244
0.8411680911680912
0.8245487364620938
0.8093862815884476
0.8585858585858586
0.8605319913731129
0.8267148014440433
0.8309248554913294
0.8571428571428571
0.8145743145743146
0.8291457286432161
0.8405797101449275
0.8495386799148332
0.808695652173913
0.845
0.8361945636623748
0.8330945558739254
0.821300929235168
0.8567355666429081
0.8430525557955364
0.8261178140525195
0.816017316017316
0.844950213371266
0.8388728323699421
0.8575560375994216
0.824295010845987
0.8261818181818181
0.8700284090909091
0.8465381870092791
0.8528356066044508
0.8529621698786581
0.8628571428571429
0.8261802575107297
0.8267254038179148
0.80849532037437
0.84248039914469
0.8261183261183261
0.8752642706131079
0.8579586009992862
0.8489208633093526
0.8649035025017869
0.8494318181818182
0.8264285714285714
0.8417213712618526
0.8249279538904899
0.8559261887863733
0.8533429187634796
0.8463747307968413
0.8306801736613604
0.8274368231046931
0.8197080291970803
0.8515625
0.8416058394160584
0.8551971326164874
0.8345221112696148
0.8355167394468704
0.8391459074733096
0.8577494692144374
0.82319255547602
0.8553100498930862
0.8502139800285307
0.8386396526772794
0.8516405135520685
0.8201595358955766
0.8549075391180654
0.8182461103253182
0.845
0.8529829545454546
0.8359826589595376
0.8376436781609196
0.8173285198555956
0.8475565280816922
0.8542999289267946
0.8378186968838527
0.8600143575017947
0.8398856325947105
0.8516918646508279
0.852037169406719
0.8164285714285714
0.8324982104509664
0.8425593098490295
0.848879248011569
0.8516918646508279
0.8391459074733096
0.8566359119943222
0.8335694050991501
0.8605150214592274
0.8461538461538461
0.85039941902687
0.8256484149855908
0.8384560400285919
0.8562367864693446
0.8446043165467626
0.8556034482758621
0.8058181818181818
0.8038379530916845
0.8716312056737588
0.8407142857142857
0.7976625273922571
0.827116212338594
0.8409742120343839
0.8157514450867052
0.8444602272727273
0.8410071942446044
0.8510791366906475
0.8271872740419378
0.8248017303532804
0.835799859055673
0.8336933045356372
0.8540772532188842
0.8671766342141863
0.8274622573687994
0.8433212996389892
0.8661417322834646
0.8304597701149425
0.8617710583153347
0.8459343794579173
0.8317757009345794
0.8507462686567164
0.8409893992932862
0.8508208422555318
0.8568376068376068
0.8585858585858586
0.8628571428571429
0.8512160228898427
0.8602150537634409
0.832732516222062
0.8280116110304789
0.8467048710601719
0.8246241947029349
0.8568360773085183
0.8328571428571429
0.844017094017094
0.8282608695652174
0.8638631503920171
0.8421807747489239
0.8425925925925926
0.8535031847133758
0.8402282453637661
0.8731182795698925
0.8267045454545454
0.8469314079422383
0.8336917562724014
0.8537463976945245
0.8390557939914163
0.8583690987124464
0.8366336633663366
0.8304721030042919
0.8299565846599132
0.8496402877697842
0.8456568557071069
0.8408279800142755
0.8465417867435159
0.8445229681978799
0.8255649717514124
0.8344132469402448
0.8441558441558441
0.8134490238611713
0.8335694050991501
0.8332129963898917
0.8412017167381974
0.8581713462922966
0.829666430092264
0.8432203389830508
0.8115107913669065
0.8233164373642288
0.8304964539007093
0.839622641509434
0.8329718004338394
0.8207343412526998
0.82679971489665
0.8385714285714285
0.8352601156069365
0.8520114942528736
0.8647308781869688
0.8559322033898306
0.8692857142857143
0.8040201005025126
0.8373925501432665
0.8324873096446701
0.827512473271561
0.8304473304473304
0.8359712230215828
0.83464005702067
0.8663823738450604
0.8493150684931506
0.8654804270462634
0.8444444444444444
0.8821859474804826
0.8162518301610542
0.8463187991422445
0.8452722063037249
0.8457101658255227
0.8315565031982942
0.8290780141843972
0.8630824372759857
0.8650568181818182
0.8330945558739254
0.8422174840085288
0.840778097982709
0.8392351274787535
0.8329733621310296
0.8254887762490949
0.8352685050798259
0.8525052928722654
0.852198990627253
0.8347889374090247
0.8380332610267535
0.8162393162393162
0.8487455197132616
0.8252707581227436
0.8258064516129032
0.8378766140602583
0.823021582733813
0.8544169611307421
0.8329809725158562
0.8480286738351255
0.8319088319088319
0.8315256688358641
0.8329718004338394
0.8236559139784946
0.8205128205128205
0.833454018826937
0.8528995756718529
0.8147353361945636
0.8274368231046931
0.8421428571428572
0.8305209097578871
0.8555160142348754
0.7992700729927007
0.8543758967001435
0.8327272727272728
0.8262108262108262
0.8525411596277738
0.8446671438797423
0.8449891852919971
0.8144927536231884
0.8400868306801736
0.8355968548963545
0.8419540229885057
0.8345272206303725
0.844043321299639
0.8506819813352476
0.8540618260244428
0.827734095782702
0.8230543318649045
0.8446531791907514
0.8368231046931408
0.8581661891117478
0.8209386281588448
0.8035971223021583
0.8344086021505376
0.8447653429602888
0.8435714285714285
0.8077753779697624
0.8299418604651163
0.836676217765043
0.8409742120343839
0.8388489208633093
0.8765957446808511
0.8423716558206796
0.83810888252149
0.8454415954415955
0.8248546511627907
0.8593421973407978
0.8394886363636364
0.8615494978479197
0.8464849354375896
0.8307365439093485
0.8638928067700987
0.8264040846097739
0.8265602322206096
0.85
0.8248017303532804
0.8269090909090909
0.8164739884393064
0.829232995658466
0.8467569493941554
0.8376623376623377
0.8540925266903915
0.8414192614047792
0.8674698795180723
0.8155619596541787
0.8423326133909287
0.8371428571428572
0.8347457627118644
0.844742413549753
0.8471926083866382
0.8475783475783476
0.8412698412698413
0.8404864091559371
0.8132183908045977
0.846643109540636
0.8315256688358641
0.8402578796561605
0.8237410071942446
0.8272138228941684
0.8743789921930447
0.8423326133909287
0.8280575539568346
0.8414634146341463
0.859375
0.841726618705036
0.8338192419825073
0.8673835125448028
0.8505415162454874
0.8311499272197962
0.8416126709863211
0.8220946915351507
0.8166786484543493
0.872416250890948
0.8404558404558404
0.8447024673439768
0.8380281690140845
0.8160919540229885
0.8217109992810927
0.8460987831066571
0.841991341991342
0.8318903318903319
0.8414720452937013
0.828125
0.8560338743824982
0.802846975088968
0.855595667870036
0.8454415954415955
0.8478731074260994
0.836587129428778
0.8409893992932862
0.8202166064981949
0.8188353702372394
0.8518518518518519
0.8635714285714285
0.834045584045584
0.8190338860850757
0.8598265895953757
0.8403483309143687
0.8288352272727273
0.8244219653179191
0.821300929235168
0.8447293447293447
0.8302023121387283
0.8330965909090909
0.8454415954415955
0.8433212996389892
0.8406004288777699
0.8462643678160919
0.8340425531914893
0.852198990627253
0.8444444444444444
0.8513513513513513
0.84375
0.813655761024182
0.8317823908375089
0.8575478384124734
0.8605803255484784
0.8618233618233618
0.8511861969805895
0.8433908045977011
0.8469241773962805
0.8251599147121536
0.8415697674418605
0.8218390804597702
0.8445706174591909
0.8477483917083631
0.8288352272727273
0.8427448177269479
0.84363894811656
0.8554216867469879
0.830975954738331
0.827485380116959
0.8321325648414986
0.8341818181818181
0.8138869005010737
0.8614718614718615
0.8521677327647477
0.816931982633864
0.8420300214438885
0.8384057971014492
0.8181818181818182
0.8322487346348517
0.8046142754145638
0.8235719450469993
0.8373408769448374
0.8209386281588448
0.8443496801705757
0.8362068965517241
0.8304597701149425
0.8401142041399001
0.827266238401142
0.8394793926247288
0.8314121037463977
0.8068513119533528
0.8294629898403484
0.8307365439093485
0.8571428571428571
0.8323699421965318
0.8342898134863702
0.822463768115942
0.8502865329512894
0.8444444444444444
0.8382458662832495
0.8686652391149179
0.8142235123367199
0.8239130434782609
0.8573456352022711
0.8467048710601719
0.8326086956521739
0.8405693950177936
0.8424028268551237
0.8282469836763662
0.8615494978479197
0.8315488936473947
0.8400852878464818
0.8625626342161775
0.8244491826581379
0.8364553314121037
0.8390137781000725
0.8567355666429081
0.8391708363116511
0.8458274398868458
0.8481375358166189
0.8524822695035461
0.8539568345323741
0.8531518624641834
0.8594864479315264
0.8603827072997874
0.8303249097472925
0.8373925501432665
0.8620199146514936
0.839426523297491
0.8342939481268011
0.8367931281317108
0.8207547169811321
0.8358531317494601
0.8360655737704918
0.8500717360114778
0.8421797593772116
0.8430525557955364
0.8330935251798561
0.8578607322325915
0.8454415954415955
0.8478571428571429
0.8568329718004338
0.8506819813352476
0.8605803255484784
0.8335745296671491
0.8382038488952245
0.8469827586206896
0.8216332378223495
0.8455988455988456
0.872416250890948
0.8002842928216063
0.8303964757709251
0.8297872340425532
0.827266238401142
0.8185078909612625
0.8625088589652729
0.8657142857142858
0.8549075391180654
0.8203292770221904
0.8189090909090909
0.8286334056399133
0.8510028653295129
0.8596866096866097
0.83886925795053
0.8385714285714285
0.852773826458037
0.8257080610021786
0.8504606661941885
0.8456090651558074
0.8455988455988456
0.8311965811965812
0.8214032600992204
0.8469314079422383
0.8428571428571429
0.8565310492505354
0.8366013071895425
0.8271692745376956
0.8271872740419378
0.8281811646297628
0.8481824661439772
0.8529829545454546
0.8394004282655246
0.8462643678160919
0.8506493506493507
0.8376623376623377
0.8352769679300291
0.857653791130186
0.844632768361582
0.8501070663811563
0.8256150506512301
0.8506401137980085
0.8499288762446657
0.8419170243204578
0.8229768786127167
0.8448398576512456
0.8219971056439942
0.8391459074733096
0.829971181556196
0.8326271186440678
0.8682891911238368
0.8508960573476703
0.8244719592134013
0.8385939741750359
0.8248017303532804
0.8563300142247511
0.8431232091690545
0.8243831640058055
0.8612303290414879
0.8365591397849462
0.8233618233618234
0.8223826714801444
0.8586647727272727
0.8561304039688165
0.8322626695217702
0.8403722261989979
0.8528356066044508
0.8533429187634796
0.8105039034776437
0.8258064516129032
0.849015317286652
0.8236141108711303
0.843772498200144
0.8237410071942446
0.8350144092219021
0.8550212164073551
0.8217609162491052
0.8515346181299072
0.8401433691756273
0.8382671480144405
0.8403790087463557
0.8483105679367362
0.8355968548963545
0.8570417551309271
0.8488120950323974
0.8242857142857143
0.825589706933524
0.8293564714389009
0.8406004288777699
0.8253968253968254
0.852773826458037
0.8492462311557789
0.8202005730659025
0.8371073776479182
0.841696113074205
0.8509272467902995
0.829127613554434
0.8352192362093352
0.8183129055515501
0.8244719592134013
0.8553191489361702
0.8348954578226387
0.8404025880661394
0.8424068767908309
0.8655643421998562
0.8654390934844193
0.8448773448773449
0.836441893830703
0.84248039914469
0.8346289752650177
0.8502865329512894
0.819164265129683
0.8428674873280232
0.8235294117647058
0.8674351585014409
0.841648590021692
0.830298616168973
0.8246614397719173
0.8449389806173726
0.8387096774193549
0.8441558441558441
0.8624641833810889
0.8479657387580299
0.8447782546494993
0.845540246555475
0.8420300214438885
0.87
0.8461538461538461
0.8468727534148095
0.8208846990572879
0.8350144092219021
0.8435032304379038
0.8388928317955997
0.8425531914893617
0.8507890961262554
0.8438162544169612
0.8443496801705757
0.8336886993603412
0.834902244750181
0.8379360465116279
0.8510028653295129
0.8257142857142857
0.8074712643678161
0.8262742282842785
0.8507462686567164
0.8671428571428571
0.8185078909612625
0.84620886981402
0.8140376266280752
0.8248546511627907
0.8372930165586753
0.860931899641577
0.862339514978602
0.8563340410474168
0.8029978586723768
0.8156947444204463
0.8325017818959373
0.8394528437724982
0.8280346820809249
0.8469905728788978
0.836350470673425
0.845
0.8369641602248771
0.811831789023521
0.8507142857142858
0.8579586009992862
0.8330935251798561
0.8560228082679971
0.8367198838896952
0.8402877697841726
0.8283898305084746
0.815028901734104
0.8411347517730496
0.8442389758179232
0.8302158273381295
0.8309557774607703
0.8474820143884892
0.832735104091888
0.8398835516739447
0.8315256688358641
0.8473609129814551
0.8045812455261274
0.8710826210826211
0.8456040028591851
0.835361488904796
0.8396836808051761
0.8322626695217702
0.8258992805755395
0.8313953488372093
0.8683274021352313
0.8521428571428571
0.8618233618233618
0.8633762517882689
0.8662873399715505
0.8674614305750351
0.8261802575107297
0.8308351177730193
0.833570412517781
0.8572443181818182
0.8228571428571428
0.8202731847591661
0.8424414478353442
0.8849177984274482
0.8478414720452937
0.8650963597430407
0.8386638237384506
0.8568345323741007
0.8642857142857143
0.8424855491329479
0.8175872093023255
0.8196363636363636
0.8399138549892319
0.8630527817403709
0.8585714285714285
0.8240405503258509
0.8344086021505376
0.8266187050359712
0.8548158640226629
0.836676217765043
0.849532037437005
0.8484195402298851
0.8254545454545454
0.8404558404558404
0.8378571428571429
0.8179190751445087
0.8516363636363636
0.8421428571428572
0.8353528153955809
0.8379140239605356
0.85
0.8398299078667611
0.8370106761565836
0.8260244428468727
0.8185745140388769
0.8421428571428572
0.8266187050359712
0.8487874465049928
0.8556111508220158
0.8418772563176895
0.8194842406876791
0.8438177874186551
0.8131788559015206
0.8427853553481695
0.8556111508220158
0.8011527377521613
0.8497483824586628
0.8409742120343839
0.8570402298850575
0.8361945636623748
0.8259629101283881
0.8435916002896452
0.8428674873280232
0.8252148997134671
0.8565340909090909
0.8489361702127659
0.8111031002162942
0.8463187991422445
0.8520667150108775
0.8336917562724014
0.8378571428571429
0.8621908127208481
0.8489620615604867
0.8525780682643428
0.860832137733142
0.8336933045356372
0.8601997146932953
0.8545845272206304
0.8451612903225807
0.8240875912408759
0.8187009279086367
0.8411552346570397
0.8613861386138614
0.8441926345609065
0.8415147265077139
0.8393371757925072
0.827485380116959
0.8531468531468531
0.8628975265017668
0.8441091954022989
0.8365316275764036
0.8378766140602583
0.8135349172066235
0.8532955350815025
0.8216885007278021
0.8482014388489209
0.8489620615604867
0.8451519536903039
0.8279103398409255
0.8457183297947629
0.8283261802575107
0.839568345323741
0.8150833937635968
0.8217609162491052
0.8239486813970064
0.8348954578226387
